0.918286 -2.016596 -0.887252 0.360674 0.998273 -2.624858 1.202270 -1.796876 1.774507 3.642246
-2.016596 1.967860 -1.567737 -1.910251 0.393668 2.407128 0.909394 1.736187 0.174617 0.649544
-0.887252 -1.567737 6.088256 -0.738326 2.869414 0.207653 -0.278622 0.160564 -0.536901 1.362012
0.360674 -1.910251 -0.738326 3.736460 1.802733 0.492121 -2.086077 0.923112 -2.047386 0.147801
0.998273 0.393668 2.869414 1.802733 3.123907 2.726649 -0.104820 -0.592408 -3.478715 2.970137
-2.624858 2.407128 0.207653 0.492121 2.726649 3.284283 1.086122 -2.285362 2.430150 -1.242296
1.202270 0.909394 -0.278622 -2.086077 -0.104820 1.086122 8.441866 0.765793 -1.328257 1.231251
-1.796876 1.736187 0.160564 0.923112 -0.592408 -2.285362 0.765793 3.493653 -1.126388 0.901158
1.774507 0.174617 -0.536901 -2.047386 -3.478715 2.430150 -1.328257 -1.126388 2.345485 1.248574
3.642246 0.649544 1.362012 0.147801 2.970137 -1.242296 1.231251 0.901158 1.248574 1.242046
