-1.877637 -0.413183 0.906145 0.035902 -0.204039 0.165479 0.929112 -0.090617 -1.773590 -1.458184 0.150786 1.009566 -0.639654 -0.043879 0.131026 -1.301560 -1.342272 0.227927 0.342005 -0.137282 0.477691 0.056152 1.146093 0.966846 0.015271 0.404730 -0.861391 0.608057 1.170359 -0.242984 0.602479 0.173497 -0.704261 -0.560311 0.603077 -1.246145 -0.009883 -0.291999 1.105284 0.193361 0.822996 0.103187 0.365293 0.819773 1.570350 -0.580992 -0.732008 -0.224104 -0.111782 -1.352717 -1.922848 0.819112 1.235504 1.800858 -0.952343 -0.803597 -0.089379 -0.662015 -0.504006 -1.671485 -0.474688 -0.256530 -0.840829 0.408534 -1.575656 -0.485429 -1.606349 -0.881946 1.423643 -0.038459 -0.056860 0.734963 -1.322401 1.151257 0.961720 0.339177 -0.382559 1.531409 -0.005339 0.453854 -1.112990 1.386250 0.334923 -0.080761 0.295234 0.056128 0.227432 -1.169902 0.474101 0.541313 -0.311186 -0.468256 -0.227614 0.279148 -0.164716 0.470121 -0.684520 -0.508406 -0.438741 -1.232401
-0.413183 0.434560 0.240285 -1.262111 -0.236697 -1.045767 -0.964908 -1.742989 0.411573 0.014449 1.178964 -0.446021 1.060369 0.727305 -1.001843 1.355481 1.617988 -0.760103 -0.742201 -0.429848 0.027600 -0.593730 0.158317 -0.136866 1.119609 0.779743 -1.373357 0.150914 -0.170402 -0.875351 -0.248457 -1.251345 -0.098229 -0.053348 0.942310 -0.411249 -1.234752 0.671207 -0.612893 -0.941559 0.707219 0.669962 -0.302610 0.604407 0.750471 0.548851 1.209613 -0.159928 0.069851 0.658789 0.368152 -0.563764 0.401360 -1.049227 -0.335058 -0.301984 -0.418931 -0.309275 1.367856 -0.611724 0.181667 -1.385499 -1.181167 0.600091 -0.544732 -0.174515 0.498764 1.600157 -1.104562 0.146349 0.136168 1.221911 0.993821 -0.761885 0.456881 -0.333281 0.095073 0.321258 0.879663 0.064610 -0.842846 -0.614859 -0.810720 0.599393 -0.550412 0.917250 1.044260 -0.905244 0.506026 -0.554547 -0.857980 -0.733072 0.611129 1.070613 0.077383 1.564949 0.004234 0.864183 -1.159547 0.221589
0.906145 0.240285 -1.526145 0.355110 -1.624774 0.536193 1.318128 -0.240938 0.475304 -0.276110 0.873986 0.008665 0.905912 -0.557103 0.240932 0.626508 -0.104355 0.810500 0.510622 -1.786202 0.387775 -0.264561 -1.261505 1.439680 -0.312283 0.109748 0.166891 0.297594 -1.766855 0.834469 -0.406912 0.146212 1.414207 0.858353 0.807960 -1.538781 -0.235282 0.181015 -1.074309 1.775268 -0.191745 0.758307 -0.940511 0.309551 1.284283 -0.997463 -0.436124 -0.295612 0.259575 0.246582 1.262511 -1.350501 0.046468 -1.191582 -1.029859 -0.126837 -1.284515 0.152365 -0.766853 0.320600 0.197805 -0.758141 -0.315291 -0.957383 0.137349 1.767571 -0.290054 0.168544 -0.373946 1.019845 -0.791153 -1.360871 -0.326287 -0.872517 -0.594722 0.952904 0.368444 0.159279 -1.329100 1.446308 0.428135 0.148627 0.171160 -0.763524 0.128730 0.086431 -0.048603 -0.450838 -0.257302 -1.105586 0.865737 0.454561 -0.776648 0.140418 0.351334 1.441612 0.491370 0.641858 1.088093 -1.470610
0.035902 -1.262111 0.355110 0.196553 -0.551751 -0.156941 -0.385420 1.106758 -0.826343 1.049660 0.135783 0.721244 -0.610731 0.486562 1.043385 0.841007 0.149686 0.691485 -0.509889 0.092843 -1.281949 -0.565862 -1.403385 1.131742 0.107522 -0.310312 0.670010 -0.104718 0.913447 0.695651 -1.468033 0.811190 -0.698991 1.533109 0.117056 -1.249137 0.931720 0.271044 -0.246784 0.529776 0.104988 0.802941 0.557282 0.235118 1.181830 0.477854 -0.020512 -1.462750 0.578185 -1.062319 0.780240 0.000484 -0.300283 0.109484 0.033718 -1.092163 1.438021 0.819555 -0.263230 -1.478043 -0.392110 0.260830 1.488511 -0.583629 1.329799 1.834671 0.296458 -0.585833 -0.298723 -0.924992 0.309012 1.042649 -1.404986 0.251422 0.600921 0.663125 -1.329516 0.478498 -1.931061 -0.035010 -1.627407 0.583661 1.500033 -1.026301 -0.477967 0.945770 0.018656 -1.225988 -0.363659 -0.599949 -1.054860 0.049040 -0.184901 -0.270752 0.390726 -1.090455 0.719638 0.387853 -0.874958 -0.499380
-0.204039 -0.236697 -1.624774 -0.551751 1.379012 1.159181 -0.615794 -0.473906 -1.194447 0.834287 0.331595 -1.167296 -1.843464 -0.470362 0.676794 1.002831 0.358879 -0.315599 -0.115550 1.114958 -0.036790 -0.332628 -0.630118 -0.057143 0.015699 0.289372 0.154347 0.335305 0.305117 -1.533486 -0.125451 -0.039401 -1.338017 -0.081930 -1.200203 -0.031371 -0.117915 -0.286969 -0.710409 0.407364 0.208316 0.037003 -0.673356 0.634263 0.134063 -0.034395 -1.374127 -0.274431 -0.492629 -0.373958 -1.135283 -0.268686 0.156126 0.336844 -0.092756 -0.200821 -0.364997 0.641323 -0.630190 0.447489 -0.218094 0.146893 -0.488693 -0.290287 0.139849 -0.521735 -0.415156 -0.308858 -0.149524 0.176458 0.249369 -0.709838 0.814388 1.305309 1.168982 -1.106748 0.801338 0.150311 0.145052 -1.350345 -0.642432 0.478841 -0.157320 0.094678 -0.028019 0.067873 -0.177381 -0.314266 0.682080 -0.795238 -0.656148 -0.880777 1.703578 0.307571 0.625211 0.393762 -0.381445 0.850362 0.577407 -1.315351
0.165479 -1.045767 0.536193 -0.156941 1.159181 0.275728 -0.378459 1.568863 0.496278 -0.382433 1.321194 1.456812 -0.284491 1.229855 0.521802 -0.333613 0.459328 -0.648155 0.103492 -1.113936 0.120848 0.453770 -0.561879 -0.716230 -0.139381 -0.195185 0.194997 0.013748 -0.984560 -1.087373 1.071398 -0.672173 -1.169783 0.364708 0.761901 0.285483 1.102755 1.648524 -0.436989 -0.649568 1.162681 -0.060540 -0.298374 0.082461 -1.416212 -0.338968 0.139428 1.588144 0.346495 -0.077787 0.292583 0.378891 1.306414 0.266388 0.128610 -0.847733 0.266907 -0.600433 1.254815 -0.117520 0.027783 -1.386789 -0.208393 -0.846573 -0.150284 1.697138 -1.123999 -0.183829 1.444527 0.724601 0.308296 -0.076637 -1.024309 0.261066 -0.933071 1.213129 -0.918918 0.470155 -0.489855 -1.627014 0.017911 -0.950046 1.632300 0.752716 0.315944 0.122720 -0.042049 -0.016427 -1.569817 -0.223417 0.949290 -0.002334 1.362383 1.566437 -0.150741 1.908423 0.333457 1.263290 -0.039674 1.459128
0.929112 -0.964908 1.318128 -0.385420 -0.615794 -0.378459 -0.016176 -0.600394 0.370852 -0.596050 0.814365 -1.266800 0.637628 1.277698 -0.417387 -0.762197 -0.926709 -0.260744 -0.723194 -0.317688 1.497677 -1.107823 -0.150755 -0.220936 0.236433 1.467841 0.218890 0.576478 -0.607907 -1.682963 -0.220919 -0.024599 -1.498848 1.338132 -0.839504 -0.434472 1.289395 0.845875 0.262742 0.957167 -1.389706 0.764894 -0.595099 -0.360774 -0.716899 -0.549641 -1.033060 -0.263743 -1.533874 0.700915 -0.086071 0.636377 -0.156185 1.928230 -0.290694 0.060805 -0.172087 0.627765 -0.212880 1.135995 -0.028132 1.590603 -0.084930 0.048266 -0.086740 1.184946 -1.278447 -1.159230 -1.678168 0.709318 -0.061750 0.730051 0.614205 0.085800 0.248515 -0.468099 0.092245 -0.299735 -0.771012 -1.263823 -0.613263 1.336375 -0.250893 -0.978186 0.738331 0.052281 0.627364 1.200669 -0.215021 -0.582346 -0.674584 -1.045529 -0.751238 1.802933 0.690002 -0.107706 0.520494 -0.124855 -1.577681 1.208011
-0.090617 -1.742989 -0.240938 1.106758 -0.473906 1.568863 -0.600394 -0.611818 -0.662893 -1.108585 -0.315589 -0.375995 -0.978785 0.238743 0.266857 0.472627 -1.306477 0.150650 -0.999714 -0.597004 -1.084811 0.116957 0.776813 1.095385 -0.093943 0.975085 -0.849564 -0.043718 0.795997 -0.521302 0.472205 1.772967 0.939945 -0.200058 -1.660032 0.315359 -1.758794 -0.003164 -0.901134 1.422238 0.600658 -1.432762 -0.885594 1.765509 -1.115087 -0.458790 -0.532712 0.065000 1.378627 -0.642285 -1.250290 1.049394 1.449417 0.926243 -0.545284 0.853414 0.190110 0.969805 0.280167 -1.076595 1.589417 -0.330279 -0.666415 -0.389666 1.189975 1.436785 -0.523476 0.724815 -0.471403 1.054813 -1.268024 1.190353 -0.565559 1.211956 0.460648 -0.595451 -0.029225 -0.373750 -0.423389 -0.940388 0.422960 -1.023310 0.665186 0.830669 -1.930460 0.121855 -0.083076 1.314129 0.203365 0.453089 1.129830 -0.803385 -0.343320 -0.692403 0.375136 1.205305 -1.313223 0.158391 1.414544 -0.311374
-1.773590 0.411573 0.475304 -0.826343 -1.194447 0.496278 0.370852 -0.662893 -1.159398 0.201238 1.898616 1.030128 0.816811 -1.892994 -0.977086 -0.148129 -0.278773 0.493734 -0.673007 1.981134 -0.345947 0.327030 -0.274539 -0.629426 0.809056 -1.702582 1.567221 0.021443 -0.154138 -0.546465 0.342046 -0.933343 -0.837593 0.326652 1.502305 1.225566 -1.204749 -0.513976 0.589422 0.665634 -0.815334 -0.279842 -1.064953 -0.320418 -1.608067 -0.857786 -1.292117 -0.165290 0.427478 -0.061487 0.044748 -1.612279 -1.482582 -0.064109 1.258962 0.469198 0.730787 0.380145 -0.139213 0.634819 -0.844865 0.310823 0.221191 0.064308 -0.019194 -0.357294 0.228639 -0.400276 0.509962 -0.408221 0.919461 0.778125 -0.993511 0.466179 -0.963454 0.937799 1.258410 0.640766 -0.399049 0.594921 0.192160 -0.009533 1.037075 -0.862853 0.533501 0.762660 0.605684 -0.600658 0.197382 0.360668 0.143310 -1.705992 -0.657318 -0.456659 -0.488963 0.186863 0.535119 0.738008 -0.211616 -0.392986
-1.458184 0.014449 -0.276110 1.049660 0.834287 -0.382433 -0.596050 -1.108585 0.201238 0.262027 -0.717507 -0.591154 -0.413322 -0.071713 -0.547868 0.816954 -0.635023 -0.418080 0.308131 0.898163 -1.807415 -0.224166 0.461973 -0.142896 -1.080815 -1.568751 0.538505 0.791079 -0.600293 -0.276680 -0.588102 1.532702 -0.081834 0.155588 -0.275534 0.092560 0.375412 -0.534582 -1.271551 0.565738 1.105117 0.466130 0.320202 0.523417 -1.271565 -0.827762 0.119380 -1.201349 0.687390 -0.143335 -0.163675 -0.580005 -1.069928 -0.332102 0.715557 -1.364142 0.537421 -0.552955 0.014904 1.034405 -0.313918 -1.379976 0.228188 0.324627 -0.777848 -0.238812 -0.717803 1.416639 0.013521 -1.346779 -0.216757 -0.879957 -0.688370 -0.001217 -0.973776 0.026803 0.601549 0.055289 -0.204760 0.742203 0.660981 -0.096586 0.384731 -0.349145 0.569122 0.558440 0.584566 0.731877 1.443463 0.698203 1.443109 0.728934 0.695050 -0.467108 1.417794 -0.716993 1.740398 -1.589825 -0.101798 -1.242037
0.150786 1.178964 0.873986 0.135783 0.331595 1.321194 0.814365 -0.315589 1.898616 -0.717507 1.318936 -0.746253 -0.479910 -0.177865 1.189615 -0.287783 -1.078715 -0.846564 -0.888040 -0.124222 -0.957321 0.534191 1.153398 -0.164644 -0.368257 -0.866325 1.144728 0.396041 -0.610153 -1.143175 -0.585593 -0.894716 -0.422590 -0.694683 -0.584488 1.636090 -1.109161 -0.390181 1.606531 -0.762752 -1.034946 -0.148861 -0.006067 -0.278930 -0.744590 -1.575317 -0.088994 -0.328748 -0.410951 0.638377 0.668249 -0.084300 0.358484 -0.540160 1.460410 -0.284063 0.567973 0.742078 0.317050 0.580204 -0.201839 -0.955280 1.181596 0.045846 -0.584113 -0.325071 1.544634 -1.212575 0.979361 -0.959791 0.038788 -0.341075 -0.327785 0.490712 0.276738 -0.137294 1.246112 0.619307 0.231756 -1.383485 -0.231197 -1.165896 0.573882 0.091386 0.576725 -0.571174 -0.482251 0.569968 0.271196 -0.678143 0.693778 0.394037 0.699615 -0.509405 -0.221475 -0.908584 0.429346 0.888164 0.686528 0.227989
1.009566 -0.446021 0.008665 0.721244 -1.167296 1.456812 -1.266800 -0.375995 1.030128 -0.591154 -0.746253 1.734147 0.032610 0.864725 0.168134 0.476659 -0.173088 0.435710 0.135748 -0.674614 0.409087 -0.145721 0.235911 -1.266542 0.736702 -0.114094 -0.149073 -0.833415 1.311027 -0.528546 -0.445481 0.152948 0.023323 -0.559878 0.902456 0.246933 -0.084113 -1.192369 -0.357426 -1.397020 -0.374517 0.354516 0.229171 0.437609 -0.002190 -1.135533 0.592138 -1.078780 -0.058991 1.301052 -1.433870 -1.029285 -1.178412 -0.509101 0.802327 0.676542 0.089191 0.081004 -0.469385 -0.961255 -0.472544 1.518460 0.281234 -1.082018 0.233118 0.068208 -1.057606 0.486162 -0.262047 1.490852 0.087662 -1.807026 0.556142 0.023641 0.022645 0.421308 1.585448 0.419287 -0.725198 0.558337 0.795641 0.153185 0.241157 -0.119800 0.491111 0.627379 0.201249 -0.369937 -1.502906 -0.658857 -0.479229 0.933476 -0.366697 1.615101 -0.056284 0.612658 -1.242240 -0.069529 0.697520 0.249895
-0.639654 1.060369 0.905912 -0.610731 -1.843464 -0.284491 0.637628 -0.978785 0.816811 -0.413322 -0.479910 0.032610 -0.659561 -0.090142 0.592301 -0.330599 -1.132130 -1.402540 -0.423767 -1.554400 -0.518353 1.422421 -0.984657 -1.456556 0.300683 0.138976 -0.067937 -0.376183 -0.155174 1.188854 1.097669 -0.073008 -0.515571 0.901429 -1.217689 0.578203 -0.919136 -1.536609 -1.126172 -0.484624 0.630321 0.917197 0.181450 0.251381 0.064246 0.162926 -0.393993 -0.434793 -0.108994 1.611580 0.471457 -0.848600 0.583910 -0.462367 -1.013269 -0.527844 0.856467 0.428131 1.565318 0.103631 -1.820713 0.585706 -0.278563 -0.078058 1.617387 -0.356947 1.608619 0.586759 0.137158 -1.490114 -0.432780 0.174159 -0.350562 -0.986496 -0.101357 -0.068376 -1.919984 -0.691891 0.017724 0.695037 0.927455 1.154652 -0.490042 0.655091 0.445228 0.081879 0.029542 -1.375296 0.618923 -0.823928 0.173760 0.629363 -0.738753 1.565270 -1.460253 0.008258 0.375919 0.448350 -1.710387 -0.239877
-0.043879 0.727305 -0.557103 0.486562 -0.470362 1.229855 1.277698 0.238743 -1.892994 -0.071713 -0.177865 0.864725 -0.090142 0.483222 0.610606 0.282887 0.628592 1.918224 1.196688 1.147594 -0.707551 -0.570924 1.616399 -0.924132 -1.099691 -1.098105 -0.256134 1.023137 1.064352 -0.831850 0.199823 -0.257790 0.299158 0.483299 0.087558 -1.480910 0.916617 0.130497 0.694745 -0.882730 -1.396894 -0.078129 -0.138348 -0.167037 0.707848 1.065807 -0.649825 1.134060 0.124189 0.320071 0.301390 0.001282 0.356862 -0.830956 0.201406 1.302480 0.421766 -0.433863 -0.538016 -0.806145 0.508853 -0.358662 1.075674 0.879208 0.166138 -1.359997 0.117742 0.051094 -1.146786 0.505884 1.410217 0.369580 0.437270 -0.840704 1.045602 -0.037115 1.776116 0.118090 -0.006721 -0.040210 0.234841 -1.712870 0.136605 0.269982 1.376347 -0.832850 -0.977522 -0.355937 0.274697 0.813527 -0.949852 -1.170748 -0.277520 -0.143750 0.350208 1.034830 0.730738 -0.534394 0.064504 -1.103947
0.131026 -1.001843 0.240932 1.043385 0.676794 0.521802 -0.417387 0.266857 -0.977086 -0.547868 1.189615 0.168134 0.592301 0.610606 -2.515350 0.048215 0.052447 -0.411433 1.207132 -1.330376 0.484361 0.067554 -0.830972 0.799383 -0.219590 0.641173 -0.119165 0.009984 0.942033 -1.784462 0.122889 0.137299 -0.826137 1.548709 -0.562142 -0.534812 -1.325544 0.639722 1.034785 -0.661444 -1.031824 0.570358 0.921871 0.228055 -0.610859 -1.442103 0.282504 -0.119132 -0.286249 0.213778 0.252346 0.029610 -0.264777 -0.092423 0.642496 0.304607 1.309746 -1.021677 -0.673253 -1.211686 0.742981 0.973919 -0.632142 -0.632214 0.076915 -1.021809 0.349017 -0.203755 -0.095879 -0.573555 0.414135 1.183137 0.371891 0.046714 1.474568 -0.432940 0.472265 0.432410 -1.705159 -1.446530 -0.862386 -0.572318 0.734406 -0.031828 -0.788693 1.128564 1.354584 -0.093966 1.011142 0.780642 -0.799673 -0.861304 -0.268381 -0.581871 -0.617254 -0.679843 0.852429 -0.715494 -0.168411 0.636883
-1.301560 1.355481 0.626508 0.841007 1.002831 -0.333613 -0.762197 0.472627 -0.148129 0.816954 -0.287783 0.476659 -0.330599 0.282887 0.048215 0.254951 -0.388854 -0.306306 -0.510027 -0.636938 1.640974 1.235236 -0.128842 0.929627 0.855954 -0.737112 0.238730 -0.203993 0.262042 -0.071181 -0.221289 -0.791155 -0.684293 0.499525 -0.338787 -0.524951 1.358321 -0.170037 0.738911 -0.069161 -0.066136 -1.004895 -0.951587 -0.281250 -0.038324 -0.044068 -0.523166 1.263369 1.514795 -0.238013 -1.599315 -0.606130 -1.518487 -0.666742 1.146436 0.391859 1.127333 -0.363922 0.469758 -0.117224 0.516656 -0.784892 0.187970 0.003797 -0.169072 0.527662 0.718427 -0.941530 -0.205374 1.575860 -1.766614 -0.147187 -0.426240 -1.416933 -0.541506 -1.341612 0.609998 0.046180 0.585788 1.319421 -0.938759 0.915245 -0.138485 -0.870814 -0.118823 -0.787795 -0.042676 -1.662227 0.143691 0.725960 -0.962749 0.212992 -0.713318 0.010206 1.075505 -0.050833 1.324256 -0.696848 -0.094385 0.391289
-1.342272 1.617988 -0.104355 0.149686 0.358879 0.459328 -0.926709 -1.306477 -0.278773 -0.635023 -1.078715 -0.173088 -1.132130 0.628592 0.052447 -0.388854 2.235512 -0.633508 -0.765171 -0.233059 0.064598 0.582348 0.224990 -1.679074 0.698099 -0.023877 0.852117 1.423327 -0.344809 -0.066867 1.010121 1.412368 0.342826 0.922037 0.874001 0.103943 -1.083372 -0.176488 1.099270 0.465152 -0.274283 -1.515160 0.070993 0.709689 -1.032684 -0.830154 0.261983 0.348995 -0.513196 1.166941 0.049790 -1.090016 -0.569982 -1.368677 0.164940 1.439810 -0.809038 -0.439252 0.646381 1.789749 0.623454 -0.474102 0.186254 -0.668740 0.648181 -1.336849 -1.380532 0.455860 0.351806 -0.567397 0.612074 0.322428 0.633854 0.324120 0.369622 -0.892169 0.544958 -0.465917 -0.037055 1.083313 -1.488505 -1.227009 0.512630 1.220221 -0.653854 0.590858 1.322397 1.098789 -0.042290 -0.671724 0.144355 -1.129699 0.768748 -0.773997 -0.845212 1.241456 -0.888658 -0.520867 -1.063231 0.582305
0.227927 -0.760103 0.810500 0.691485 -0.315599 -0.648155 -0.260744 0.150650 0.493734 -0.418080 -0.846564 0.435710 -1.402540 1.918224 -0.411433 -0.306306 -0.633508 -0.066091 -1.625413 -0.307356 0.709305 -1.481612 0.456883 -1.038256 -1.430056 -0.591265 -0.006323 -0.076828 -1.290283 0.217988 0.081682 0.323566 -0.669878 -1.486915 0.129475 -0.141271 0.908293 -0.362644 0.853006 1.623123 -1.019750 0.736855 0.393046 1.068936 1.083652 1.071067 -0.654566 1.245563 0.812217 0.413545 -0.162361 0.730067 0.863324 1.375398 -1.728155 0.577882 1.172820 -0.533046 -0.188894 0.061222 0.097693 -1.198950 -0.701102 -0.346096 -0.781049 1.440482 0.360785 0.540780 0.470404 0.535528 -0.929406 0.894918 0.390274 1.127524 0.885649 0.510669 -0.951226 0.170609 -1.005670 -0.327436 -0.078787 -0.368760 -1.629937 -1.096450 -0.262101 -0.117629 -0.197785 -1.057916 -1.314979 0.779617 1.493953 -0.153483 -0.284079 -0.786075 0.871225 0.835656 -0.958082 0.162265 0.129077 -1.680749
0.342005 -0.742201 0.510622 -0.509889 -0.115550 0.103492 -0.723194 -0.999714 -0.673007 0.308131 -0.888040 0.135748 -0.423767 1.196688 1.207132 -0.510027 -0.765171 -1.625413 0.029913 -0.339982 -0.097019 -0.269025 -1.388584 0.045689 -0.787120 -0.428100 -0.007246 1.852463 0.248166 1.178115 0.302326 -0.273326 0.543523 -1.153018 0.329604 -0.325598 -1.676034 0.222179 1.148509 1.572578 1.129273 -0.564130 -0.878615 1.259834 0.601892 -1.656839 -0.518112 -1.578891 -0.009631 0.782980 0.240231 0.523876 -1.493723 -0.779610 0.571692 -0.975034 -1.045579 -0.310125 0.235856 -1.122022 0.200762 0.720979 -0.215220 0.413984 0.698158 -1.465130 0.436907 1.564073 -0.959093 -0.577104 0.586906 -0.339872 -1.398891 0.523171 0.370223 0.636738 -0.459191 -0.953324 0.130858 -0.514911 -0.627476 1.250151 -1.372764 -1.162222 -0.811025 0.611961 -0.156692 0.636290 -1.131437 0.641982 0.039433 0.282134 0.316664 0.173727 0.383589 0.494995 0.579497 0.720280 -0.489779 -0.886703
-0.137282 -0.429848 -1.786202 0.092843 1.114958 -1.113936 -0.317688 -0.597004 1.981134 0.898163 -0.124222 -0.674614 -1.554400 1.147594 -1.330376 -0.636938 -0.233059 -0.307356 -0.339982 -1.598135 1.718010 0.039771 0.819677 1.341581 -0.512392 1.915927 -0.847138 -1.437868 1.072838 1.143189 1.479920 -0.967491 -0.505734 0.182513 0.561430 -0.580026 0.003453 0.534307 1.068438 1.287302 0.160110 0.074225 -0.013923 -1.426808 0.461420 -1.240102 0.857299 0.330452 -1.330549 1.907042 -1.612506 -0.055537 0.873221 0.489330 -0.440766 1.537174 -0.586063 0.522244 -1.824274 -1.382462 0.555449 0.817485 -0.654097 1.577495 -0.165294 -0.148033 0.291086 1.354799 -0.503396 0.359998 -0.683206 0.423474 0.059616 1.621695 -0.032074 0.334785 0.500885 -0.846761 1.832050 -0.513800 -0.556879 1.229169 -0.753918 -0.111731 0.033032 0.827941 -0.038691 1.558355 0.988714 0.397579 0.383328 -0.777058 0.942539 1.015384 0.306059 -0.163654 -0.663369 -1.379406 -0.528369 0.694205
0.477691 0.027600 0.387775 -1.281949 -0.036790 0.120848 1.497677 -1.084811 -0.345947 -1.807415 -0.957321 0.409087 -0.518353 -0.707551 0.484361 1.640974 0.064598 0.709305 -0.097019 1.718010 2.501483 0.928896 -0.254746 0.992001 -1.325238 0.844717 1.262224 -0.397742 0.302354 -1.518670 0.303611 -0.554389 -1.110832 0.915175 0.715736 0.522385 -1.059484 0.490410 1.622716 -0.146068 0.724058 0.408058 -0.844412 0.691618 -0.669269 1.760604 0.233953 -0.134841 -0.682978 1.452995 1.330438 0.684294 -0.883850 1.537143 0.750198 -1.050725 -1.395792 -1.581136 -0.819053 0.701257 -0.685474 -1.533514 0.196240 0.356128 -0.531499 -1.206193 -0.966101 -0.507351 -0.454842 0.359625 0.706531 1.716258 -1.148540 0.893371 -0.087709 -0.133150 -0.856821 0.000343 -0.288121 -0.532755 -1.035471 -1.897407 -0.457907 -0.008040 -0.939462 0.110031 0.930703 0.885168 1.331503 0.020304 -0.447896 -0.327349 0.027965 0.360660 -1.166137 -0.933054 -1.311072 0.496610 1.402434 1.015932
0.056152 -0.593730 -0.264561 -0.565862 -0.332628 0.453770 -1.107823 0.116957 0.327030 -0.224166 0.534191 -0.145721 1.422421 -0.570924 0.067554 1.235236 0.582348 -1.481612 -0.269025 0.039771 0.928896 -0.337967 -1.222919 -0.363680 -0.142277 0.452289 0.022114 -0.539067 1.074756 0.338585 -0.286105 -0.197778 -0.350342 0.551132 -1.132593 -0.201524 -0.429787 -0.464413 -0.084672 -1.682592 -1.322140 0.081897 -1.124495 -1.380911 -0.177169 0.178584 -0.209932 -0.001764 0.604442 -0.818455 -0.338183 -0.699791 1.320165 -0.139580 -0.946641 1.188714 -0.669045 -0.352212 -0.258053 1.581678 -1.376185 -0.137365 1.474948 -0.470453 -0.971823 -0.059382 1.101564 -1.189838 -0.070184 0.439487 0.459699 0.538086 0.479507 -0.425095 -0.291372 -0.022621 -1.359528 1.026230 0.194069 -0.035331 0.130081 0.766038 0.483465 -0.834144 0.399678 0.317349 -0.248656 -0.746446 0.111716 0.174508 -0.368890 -0.679959 -0.650157 0.478265 -1.025902 -1.410538 0.494499 -0.892172 0.768365 0.278779
1.146093 0.158317 -1.261505 -1.403385 -0.630118 -0.561879 -0.150755 0.776813 -0.274539 0.461973 1.153398 0.235911 -0.984657 1.616399 -0.830972 -0.128842 0.224990 0.456883 -1.388584 0.819677 -0.254746 -1.222919 2.046362 0.232086 1.044625 -1.050414 -0.394770 -0.753044 0.270027 -0.154032 -0.718050 0.027396 -0.400444 -0.054879 -0.389789 -0.184659 -0.453072 0.434585 0.716750 0.191502 -1.582502 -0.833655 0.716097 0.553465 0.611113 -0.642176 -1.690110 1.067354 1.687554 0.172452 0.857352 0.137468 0.489428 -0.163487 0.765644 0.266747 1.035479 -0.094799 0.051738 -0.445043 0.474688 0.142115 0.520893 -1.097588 1.462291 -0.772985 -0.378846 0.681568 0.372834 0.684326 1.260410 -0.231217 -0.168728 0.022562 0.172061 0.367508 0.425222 1.177006 1.023546 0.030398 -0.353401 -0.684891 -0.498750 -0.406867 0.454351 0.602156 -1.047783 -0.369721 0.527673 0.288377 -0.000332 -0.294529 -0.074132 0.296317 0.367934 -0.432143 1.567863 1.444598 -0.048244 0.085954
0.966846 -0.136866 1.439680 1.131742 -0.057143 -0.716230 -0.220936 1.095385 -0.629426 -0.142896 -0.164644 -1.266542 -1.456556 -0.924132 0.799383 0.929627 -1.679074 -1.038256 0.045689 1.341581 0.992001 -0.363680 0.232086 -0.777435 0.188798 -1.360495 0.506765 -1.677488 -0.556269 -0.365578 -0.324469 -0.622739 1.011917 -1.322531 -1.703007 -0.300988 -0.922001 0.380673 -0.667788 0.281822 -0.558286 1.606479 -1.435724 1.152269 0.244465 0.840090 -0.382851 1.094709 -1.778905 0.931033 -0.267584 1.640227 0.427860 -0.292702 -0.301054 0.071041 0.115974 -0.202810 0.565896 0.750383 -0.941933 0.909800 -1.266078 0.178962 0.510006 1.381461 0.555967 1.076911 1.551920 0.685804 0.888582 -0.681033 1.088216 -1.193146 1.270939 0.274488 -0.625139 -0.039069 -0.450387 0.078421 1.010079 0.779744 1.308318 0.750305 0.896405 1.143703 -0.861980 -0.504538 0.698592 0.333866 0.624506 1.305457 0.791826 -1.411307 0.821185 -0.388692 0.234925 1.529700 -0.079833 -1.480718
0.015271 1.119609 -0.312283 0.107522 0.015699 -0.139381 0.236433 -0.093943 0.809056 -1.080815 -0.368257 0.736702 0.300683 -1.099691 -0.219590 0.855954 0.698099 -1.430056 -0.787120 -0.512392 -1.325238 -0.142277 1.044625 0.188798 1.821237 0.679022 0.468122 -0.405331 0.188925 0.604867 -0.333630 -0.374333 -1.373389 -0.284109 0.160347 0.778238 -0.583396 0.363629 0.131605 -0.272696 0.985730 -0.753952 1.094379 -0.745814 -0.234135 0.512836 -0.480707 -0.302324 -0.079938 -0.341027 1.260792 -0.336836 0.745024 0.851484 0.360921 0.198703 0.146899 -1.419922 0.243572 -1.133228 0.406931 -1.175918 0.018307 0.091955 0.429856 -0.134970 0.842784 1.435522 0.415409 -0.260748 0.171576 -0.245775 0.193424 -0.352732 0.142210 -0.598039 0.417468 -0.183388 0.863049 -1.483807 0.409409 0.851082 -1.750715 -0.891183 -0.460530 0.706132 1.261591 -0.720682 -0.313180 0.065227 0.475336 0.598494 1.802126 0.561859 1.544511 -1.043559 -1.706534 -0.415859 -1.137763 0.396820
0.404730 0.779743 0.109748 -0.310312 0.289372 -0.195185 1.467841 0.975085 -1.702582 -1.568751 -0.866325 -0.114094 0.138976 -1.098105 0.641173 -0.737112 -0.023877 -0.591265 -0.428100 1.915927 0.844717 0.452289 -1.050414 -1.360495 0.679022 -0.963054 -0.105343 0.912691 -0.456760 0.343538 -0.130469 1.298743 -0.957130 -1.496310 0.012088 -0.561328 1.061821 0.869873 0.600511 -0.967982 -1.481682 0.516362 -0.253357 1.370460 1.152125 0.246035 -1.027605 0.904384 -0.121040 0.639095 -1.589101 -0.052495 1.249231 -1.226871 0.241678 -0.142591 -1.675011 1.759592 -0.451272 -0.412297 -0.568512 1.105880 0.569288 1.540390 0.361692 -1.667840 0.304072 -1.583104 0.017838 0.895611 -0.950477 0.631385 -0.188771 1.860241 0.815721 0.284722 0.235119 0.438423 -1.189766 0.659371 -1.659021 0.736916 -0.131750 0.991372 -1.172290 -1.385761 -1.603457 0.470695 0.938575 0.558564 -0.427190 1.302829 -0.445992 0.038716 0.211210 -0.075844 1.016065 -0.909434 0.889210 -1.534231
-0.861391 -1.373357 0.166891 0.670010 0.154347 0.194997 0.218890 -0.849564 1.567221 0.538505 1.144728 -0.149073 -0.067937 -0.256134 -0.119165 0.238730 0.852117 -0.006323 -0.007246 -0.847138 1.262224 0.022114 -0.394770 0.506765 0.468122 -0.105343 -1.166645 -0.695291 0.335416 -0.876485 1.646754 0.300013 -0.508028 1.669089 0.211048 1.674859 -0.052076 1.128863 -1.179496 0.252099 0.317067 0.565108 -1.212344 0.814422 0.960637 -0.213225 1.064984 -0.744745 0.418091 0.059905 -1.253775 -0.824530 0.094773 -0.928846 -1.295720 -0.178372 -0.252412 0.807542 -0.101550 1.150129 1.607355 0.667324 -1.836083 1.314438 0.889849 0.388982 0.609049 -0.027084 1.127144 -0.949075 -0.282502 0.260196 0.135966 -0.788835 -0.000219 -1.428435 -0.467202 -0.071775 -0.708445 0.906925 -0.433709 -0.300097 -0.106656 -0.446001 -1.254193 -0.970592 -0.904131 -0.221502 0.399444 1.232947 0.538389 -0.107337 0.355501 -0.824413 -0.458121 0.172351 -0.154795 0.572844 0.339530 -0.086412
0.608057 0.150914 0.297594 -0.104718 0.335305 0.013748 0.576478 -0.043718 0.021443 0.791079 0.396041 -0.833415 -0.376183 1.023137 0.009984 -0.203993 1.423327 -0.076828 1.852463 -1.437868 -0.397742 -0.539067 -0.753044 -1.677488 -0.405331 0.912691 -0.695291 -0.100453 -0.403676 -0.694769 0.123230 -0.256257 -0.170106 -0.102610 -0.912566 1.600910 0.329584 -1.129396 0.694439 0.498785 0.303931 0.980351 -0.364576 -0.290656 0.325145 -0.840545 0.653812 0.931164 0.877548 0.034821 -1.057074 -1.445890 0.083931 -1.760632 0.114149 1.108119 0.369576 -0.145461 -0.061731 -0.317347 1.783527 0.080150 -0.214127 1.081980 -0.983193 0.823102 0.576577 -0.768893 -0.278409 -0.695537 0.855259 0.864435 0.636808 1.550406 -0.010750 -0.509331 0.858742 -0.471322 -0.257466 0.171242 0.247885 0.436686 -0.345661 1.045541 -0.367304 -1.777425 0.330940 -0.925386 -1.930956 1.200927 0.609518 0.228019 0.761626 -0.622761 -0.739467 0.216656 0.010209 0.825187 -0.614616 -1.672206
1.170359 -0.170402 -1.766855 0.913447 0.305117 -0.984560 -0.607907 0.795997 -0.154138 -0.600293 -0.610153 1.311027 -0.155174 1.064352 0.942033 0.262042 -0.344809 -1.290283 0.248166 1.072838 0.302354 1.074756 0.270027 -0.556269 0.188925 -0.456760 0.335416 -0.403676 0.256226 -0.284361 -1.036963 -0.702260 -1.413129 0.374414 0.387422 -0.407505 1.231084 0.280682 0.315351 0.061427 0.121315 0.381196 0.178198 -0.600548 0.568008 -0.039548 0.126245 1.444353 -1.858829 -0.316806 -0.659623 -0.277896 0.609210 -1.515448 0.098741 0.685642 -1.705972 0.104323 1.086567 0.105214 0.657298 0.571839 -0.659345 -0.759401 -1.045476 -0.586216 1.376377 -0.216780 0.430503 1.314095 -0.008155 -0.278086 -0.522659 0.169697 -0.636404 -0.308911 -0.527662 -0.686356 0.853051 0.569395 1.479786 0.771785 -0.299463 0.612647 -0.252877 0.932783 -0.331522 -0.325741 0.131932 -1.835436 0.209119 1.650630 -0.682719 0.678010 -0.294315 0.007962 1.345449 -0.116592 0.145520 -0.404186
-0.242984 -0.875351 0.834469 0.695651 -1.533486 -1.087373 -1.682963 -0.521302 -0.546465 -0.276680 -1.143175 -0.528546 1.188854 -0.831850 -1.784462 -0.071181 -0.066867 0.217988 1.178115 1.143189 -1.518670 0.338585 -0.154032 -0.365578 0.604867 0.343538 -0.876485 -0.694769 -0.284361 0.227990 0.328175 -0.713879 0.266087 0.653152 0.610384 -0.463655 0.909583 0.718573 0.369707 0.512733 0.317724 0.425189 0.766752 0.790067 1.219273 -0.214598 -0.975844 -1.118718 -0.855333 0.943911 0.425450 -0.195798 0.342080 -1.285618 -0.158926 -1.692218 1.251213 0.113771 0.881026 -0.333555 -0.292889 -1.260146 0.376349 -0.249937 -1.261371 -0.137881 0.029745 0.793754 -0.635836 0.472183 -0.056326 1.187377 -1.540943 1.233824 0.117816 0.914349 0.334622 1.648593 -1.252930 0.226292 -1.358137 -1.468910 1.095193 1.648180 0.250143 -0.365260 -1.044570 0.929113 1.381612 -1.927818 0.212333 -0.539077 1.490871 -0.309655 0.233416 0.821210 -0.339204 1.493242 -1.808864 -1.156520
0.602479 -0.248457 -0.406912 -1.468033 -0.125451 1.071398 -0.220919 0.472205 0.342046 -0.588102 -0.585593 -0.445481 1.097669 0.199823 0.122889 -0.221289 1.010121 0.081682 0.302326 1.479920 0.303611 -0.286105 -0.718050 -0.324469 -0.333630 -0.130469 1.646754 0.123230 -1.036963 0.328175 -0.468259 -1.040976 0.646262 0.142970 -0.545660 0.222419 -0.449750 0.475321 -0.319993 -0.144715 -0.180307 1.467657 0.043028 -0.257977 1.317462 -0.242763 0.287865 0.067594 0.607381 -0.765421 -0.240715 1.327942 -1.522632 1.034376 0.367204 -0.644146 -0.034443 -0.362370 0.146113 -0.899221 0.927215 -0.179250 0.032207 -0.713532 0.216909 -0.258263 0.333316 0.464734 -0.811824 1.606244 -1.085867 0.001006 -0.073195 1.707286 0.992235 1.072986 0.586939 -0.130377 0.380289 0.877147 0.488019 1.423793 1.101202 0.595229 0.451443 1.083984 0.727616 1.315137 0.779022 0.671799 -0.964777 -0.458646 -0.590259 -0.116201 -1.315522 0.633979 0.962995 1.507125 -0.537213 -1.290938
0.173497 -1.251345 0.146212 0.811190 -0.039401 -0.672173 -0.024599 1.772967 -0.933343 1.532702 -0.894716 0.152948 -0.073008 -0.257790 0.137299 -0.791155 1.412368 0.323566 -0.273326 -0.967491 -0.554389 -0.197778 0.027396 -0.622739 -0.374333 1.298743 0.300013 -0.256257 -0.702260 -0.713879 -1.040976 1.758881 0.290070 -1.180256 -1.729063 -1.338521 1.621680 -1.713969 -0.554379 0.350946 0.150111 0.862555 -0.976341 0.132171 0.369568 0.877512 -0.118777 0.132711 -1.428582 0.023543 -0.671144 1.465095 -0.010012 -0.024800 -0.449646 1.087341 0.584829 0.860040 -0.600348 1.137348 0.303131 0.183393 -0.162318 -0.488260 -0.693719 0.109636 0.031524 -1.304610 1.629320 1.032391 1.591583 0.358297 -0.117482 1.108025 0.610150 -1.304491 -1.388430 0.374864 0.090088 -0.158592 -1.888768 0.562314 0.016325 1.404066 -1.662588 0.332040 1.452547 -0.281382 1.052654 0.637112 0.060705 -1.561019 -1.490687 -1.533216 0.966132 1.102945 -0.411942 -0.222558 1.027141 -0.944940
-0.704261 -0.098229 1.414207 -0.698991 -1.338017 -1.169783 -1.498848 0.939945 -0.837593 -0.081834 -0.422590 0.023323 -0.515571 0.299158 -0.826137 -0.684293 0.342826 -0.669878 0.543523 -0.505734 -1.110832 -0.350342 -0.400444 1.011917 -1.373389 -0.957130 -0.508028 -0.170106 -1.413129 0.266087 0.646262 0.290070 -2.531319 -1.611524 1.001655 1.107130 0.937566 1.157923 1.080032 -0.025110 0.430074 1.028968 0.496407 0.528172 -0.308854 -0.316781 -0.633322 -0.619900 0.114070 -1.528504 1.757651 -0.319606 0.215506 -1.240819 1.285150 0.212241 0.459090 -0.219246 1.371343 -0.317874 -0.574302 0.722929 -0.750365 1.892676 0.265016 -0.979608 -0.361345 0.144270 -0.122171 0.012444 -0.523014 0.919950 -0.325991 -0.651821 -0.410795 1.008338 0.663789 -0.161752 -1.507137 0.182275 -0.902900 0.595845 -1.134777 -0.797966 -0.517345 -1.692028 0.299159 -0.502015 1.754763 -0.298780 -0.852879 -0.388084 -0.215130 0.823070 -0.202706 -0.372958 -1.016379 1.117819 0.064729 0.205985
-0.560311 -0.053348 0.858353 1.533109 -0.081930 0.364708 1.338132 -0.200058 0.326652 0.155588 -0.694683 -0.559878 0.901429 0.483299 1.548709 0.499525 0.922037 -1.486915 -1.153018 0.182513 0.915175 0.551132 -0.054879 -1.322531 -0.284109 -1.496310 1.669089 -0.102610 0.374414 0.653152 0.142970 -1.180256 -1.611524 0.851838 -0.591894 0.277363 0.549418 0.075420 -0.111535 0.358669 0.036405 0.340351 0.210063 0.441563 0.660077 0.044842 0.449803 -0.400200 0.239505 -1.022016 -1.227482 0.226407 0.232718 0.029965 0.637466 0.688247 0.719450 -1.494115 0.177088 0.663248 -1.327345 -1.383229 -0.315690 -0.375790 -0.820882 -1.676574 -0.420444 -0.420710 -0.026769 -0.056369 -0.520778 -1.212060 0.307530 0.985160 -0.666075 -0.473083 0.998247 -0.815350 0.525394 -0.843149 0.624767 0.768169 -0.172224 0.574051 -0.758879 -1.162226 -0.927792 0.421046 0.103604 0.926497 -0.552744 -0.178671 -0.833446 -0.140035 -1.349672 -0.132425 -0.050108 -1.227674 0.006398 -1.334058
0.603077 0.942310 0.807960 0.117056 -1.200203 0.761901 -0.839504 -1.660032 1.502305 -0.275534 -0.584488 0.902456 -1.217689 0.087558 -0.562142 -0.338787 0.874001 0.129475 0.329604 0.561430 0.715736 -1.132593 -0.389789 -1.703007 0.160347 0.012088 0.211048 -0.912566 0.387422 0.610384 -0.545660 -1.729063 1.001655 -0.591894 0.774382 0.735778 -0.445222 0.056144 -0.978298 -0.736349 -0.931571 -0.263111 -0.770113 -0.036120 0.604646 -1.015728 0.385604 1.055661 -0.630501 0.730083 -0.945686 -1.431020 -0.275981 -1.497262 1.772719 -0.776963 1.009869 0.370484 0.226178 0.255198 1.005743 -0.378788 0.072562 -0.075785 0.789826 0.805983 0.713274 1.123275 -0.394275 -0.076348 -0.647318 0.329318 -0.925550 0.592667 0.205400 0.453843 0.640972 -0.200696 0.735122 1.472368 0.636555 -0.798772 0.157513 0.818931 -0.005681 -0.293241 -0.562381 0.180450 -0.114507 -0.025165 -0.801485 -0.545227 1.058415 -0.584511 0.967539 0.444966 -1.331361 0.323839 -1.427312 -0.390638
-1.246145 -0.411249 -1.538781 -1.249137 -0.031371 0.285483 -0.434472 0.315359 1.225566 0.092560 1.636090 0.246933 0.578203 -1.480910 -0.534812 -0.524951 0.103943 -0.141271 -0.325598 -0.580026 0.522385 -0.201524 -0.184659 -0.300988 0.778238 -0.561328 1.674859 1.600910 -0.407505 -0.463655 0.222419 -1.338521 1.107130 0.277363 0.735778 -1.899321 1.464210 -0.214017 0.373667 0.112430 0.092419 -1.626634 -0.793607 -0.578134 -0.486511 -0.665767 0.021460 -1.037493 0.076647 -0.874212 0.810077 -0.489816 -0.425216 0.382127 0.795496 -0.519974 1.449810 0.047958 0.934953 -0.182747 1.744662 0.088190 -1.076058 -0.809609 -1.631410 1.110616 0.068265 -0.256029 0.243139 0.380177 -0.609503 0.260971 0.508118 -0.748354 -0.195547 -1.600765 -0.741132 0.205908 -0.025051 -0.626292 0.326921 0.620391 1.267949 -1.304016 -1.458267 -0.630926 0.879303 0.147552 0.038945 0.133365 0.761154 0.083548 1.581492 1.654013 1.022748 0.674653 0.791480 0.062753 0.064504 -0.745121
-0.009883 -1.234752 -0.235282 0.931720 -0.117915 1.102755 1.289395 -1.758794 -1.204749 0.375412 -1.109161 -0.084113 -0.919136 0.916617 -1.325544 1.358321 -1.083372 0.908293 -1.676034 0.003453 -1.059484 -0.429787 -0.453072 -0.922001 -0.583396 1.061821 -0.052076 0.329584 1.231084 0.909583 -0.449750 1.621680 0.937566 0.549418 -0.445222 1.464210 -1.543057 0.694915 1.632062 -0.611538 -0.178121 -1.513190 -0.951729 -1.310881 1.314892 -0.096857 -0.837526 -0.839877 -0.122325 0.538441 -0.406102 0.687753 1.203461 -0.405482 -0.632131 -1.580738 0.550055 0.001029 -0.581151 -0.704654 -0.547646 -0.182366 0.279499 1.084173 0.408772 0.583887 -1.215623 -0.365562 0.380864 1.264954 0.644287 -0.295078 0.862672 0.071013 -0.380697 -1.493257 0.108852 -0.108840 -1.163348 -0.157806 -0.851367 -0.436615 0.310233 0.571332 -1.341158 -0.533363 0.568884 0.553162 1.272613 -0.999910 -0.129067 -0.515029 -0.253523 -0.542847 -0.297330 -0.906489 0.217854 0.094700 -0.295332 0.086086
-0.291999 0.671207 0.181015 0.271044 -0.286969 1.648524 0.845875 -0.003164 -0.513976 -0.534582 -0.390181 -1.192369 -1.536609 0.130497 0.639722 -0.170037 -0.176488 -0.362644 0.222179 0.534307 0.490410 -0.464413 0.434585 0.380673 0.363629 0.869873 1.128863 -1.129396 0.280682 0.718573 0.475321 -1.713969 1.157923 0.075420 0.056144 -0.214017 0.694915 -0.817882 1.458229 0.659427 -1.805044 0.935998 0.258904 -0.637605 0.938606 -1.442724 -0.380885 -0.643641 0.341462 -0.975149 0.509405 -1.123371 0.491010 -1.476971 1.088892 0.431792 -1.189012 0.436164 -1.040456 -0.006173 -1.879404 1.247180 -0.028350 -0.317643 0.842988 0.450620 -0.275133 0.891568 -0.160987 0.628209 -0.315140 0.644816 0.688357 1.062660 -0.212413 0.100992 -1.252435 -0.501821 0.613238 1.707830 -1.331520 -1.379736 -1.038578 0.347695 -0.815496 -1.517994 0.382958 1.684983 0.646215 0.645177 -0.271600 0.743160 0.544714 0.069707 -0.837725 0.008651 -0.794499 0.186237 -1.145492 -1.403019
1.105284 -0.612893 -1.074309 -0.246784 -0.710409 -0.436989 0.262742 -0.901134 0.589422 -1.271551 1.606531 -0.357426 -1.126172 0.694745 1.034785 0.738911 1.099270 0.853006 1.148509 1.068438 1.622716 -0.084672 0.716750 -0.667788 0.131605 0.600511 -1.179496 0.694439 0.315351 0.369707 -0.319993 -0.554379 1.080032 -0.111535 -0.978298 0.373667 1.632062 1.458229 2.063794 0.608613 0.493930 0.794920 0.949931 -0.627892 -1.529644 0.226157 1.526402 0.045961 1.624286 0.713030 0.725057 0.184430 0.976509 0.156501 -0.226871 0.831471 -1.603022 -1.612869 0.853925 0.442783 0.946547 -1.443862 0.546056 -1.856720 -0.804174 -0.032855 0.705487 0.477884 0.176988 -1.025224 0.824098 0.107341 0.645599 -0.607523 -0.097973 0.258049 0.008221 0.427203 -1.216452 0.614917 0.444014 0.943713 1.202538 -0.402928 1.046324 0.307784 -0.119115 -0.663544 -0.810911 1.076871 0.092406 0.553186 -0.753158 1.095635 1.158910 -0.616301 0.593012 0.367133 -0.745971 0.037920
0.193361 -0.941559 1.775268 0.529776 0.407364 -0.649568 0.957167 1.422238 0.665634 0.565738 -0.762752 -1.397020 -0.484624 -0.882730 -0.661444 -0.069161 0.465152 1.623123 1.572578 1.287302 -0.146068 -1.682592 0.191502 0.281822 -0.272696 -0.967982 0.252099 0.498785 0.061427 0.512733 -0.144715 0.350946 -0.025110 0.358669 -0.736349 0.112430 -0.611538 0.659427 0.608613 -1.491065 -0.933480 0.399236 0.360326 0.333041 -0.449804 1.044461 -1.770366 0.254123 0.820463 -0.412375 1.385845 -0.972184 -0.793339 -0.947212 -0.244171 1.054094 -1.628342 -0.523290 0.033596 -0.003510 -0.584755 -0.548423 0.990668 0.267229 -0.154535 0.397550 -0.741513 -0.325144 0.504619 0.799273 -1.141148 1.104899 0.709398 -0.001275 0.241637 -0.061009 0.672562 0.657565 -0.339362 -1.059959 -0.367232 1.209925 -0.066151 -0.755675 -0.610248 -0.502938 -0.372990 -0.222793 0.586556 0.024745 1.270651 -0.166511 -1.426169 1.183785 -1.193767 -0.086701 -0.317345 -1.117498 1.030793 1.306925
0.822996 0.707219 -0.191745 0.104988 0.208316 1.162681 -1.389706 0.600658 -0.815334 1.105117 -1.034946 -0.374517 0.630321 -1.396894 -1.031824 -0.066136 -0.274283 -1.019750 1.129273 0.160110 0.724058 -1.322140 -1.582502 -0.558286 0.985730 -1.481682 0.317067 0.303931 0.121315 0.317724 -0.180307 0.150111 0.430074 0.036405 -0.931571 0.092419 -0.178121 -1.805044 0.493930 -0.933480 -0.467142 -0.188311 1.164068 -1.429274 -0.324328 -0.965798 0.742664 -0.344228 -0.580311 -0.681897 1.102292 0.097389 -1.335859 0.934690 -0.100228 -0.966186 -0.435876 0.838164 -0.186359 -0.617199 0.018401 0.314168 -1.446518 0.287683 -0.671397 0.521673 0.942833 -0.434890 -0.647015 0.034160 0.226878 0.191204 0.602828 0.869100 0.627299 -0.126730 -0.335424 -0.393002 -1.569824 0.826141 -0.538574 -0.268081 -0.389410 -0.286550 0.112692 -0.616906 0.222863 0.884661 -1.507753 -0.266488 -1.218763 -1.445507 0.457076 -0.802932 0.954822 1.188227 -1.032521 -0.392303 0.057699 0.578906
0.103187 0.669962 0.758307 0.802941 0.037003 -0.060540 0.764894 -1.432762 -0.279842 0.466130 -0.148861 0.354516 0.917197 -0.078129 0.570358 -1.004895 -1.515160 0.736855 -0.564130 0.074225 0.408058 0.081897 -0.833655 1.606479 -0.753952 0.516362 0.565108 0.980351 0.381196 0.425189 1.467657 0.862555 1.028968 0.340351 -0.263111 -1.626634 -1.513190 0.935998 0.794920 0.399236 -0.188311 0.928195 0.173218 -1.358965 1.310323 -0.788455 -1.340769 1.368948 0.576149 0.395259 -0.209767 0.046322 -1.559260 -0.286484 -0.628108 0.322069 1.298180 1.144060 -1.480669 -0.044442 -1.037778 -1.132580 0.216211 1.130186 -0.216895 -0.192567 -1.357929 0.505236 0.235120 -0.634404 -0.782692 -0.161892 0.066461 0.284470 0.841118 -0.069789 0.100715 -1.239893 -0.407940 -0.152140 -0.319263 -0.261467 -1.369125 0.085526 -0.088424 -1.828455 -0.242372 -0.539138 -0.313966 1.241866 0.463753 -0.537278 1.433224 -1.134847 0.980667 -0.331356 -0.815026 -0.924580 -1.205864 0.463749
