 4.1750e+01 -1.7640e-01 -4.7944e-01 -3.6636e-01 -7.8248e-01  1.7252e-01  1.0597e-01  1.7510e-01 -6.4614e-02 -5.1433e-01  2.9981e-01 -1.2923e-02  3.9544e-01 -1.5960e-01  9.4983e-02 -2.6298e-01  2.9787e-01 -6.5325e-01  6.0673e-01 -9.6921e-02 -4.7039e-01  6.4162e-01  1.3375e-01  3.9544e-01 -2.5910e-01  1.5249e-01 -2.8753e-01 -2.9529e-01 -2.0483e-01  1.9578e-01  8.2835e-01 -4.7362e-01  7.3854e-01 -2.5070e-01  3.1467e-01 -6.6488e-01  2.9464e-01  2.8753e-01  6.8491e-01  5.0722e-01  7.9152e-01 -3.8768e-03  2.4166e-01 -8.3223e-01  3.8704e-01 -2.6104e-01  6.0737e-02 -1.5443e-01 -5.5374e-01  1.9190e-01
-1.7640e-01  3.1004e+01  1.3232e-01 -5.6083e-01  6.9820e-01 -1.2378e-01 -3.1560e-01  2.2365e-01 -2.3804e-01 -8.4028e-01 -5.0796e-01 -4.3259e-01  1.7428e-01 -7.1316e-01  3.8101e-01 -5.0893e-01  4.4920e-01  6.0111e-02  6.1215e-01 -2.1508e-01 -1.0659e-01 -2.2321e-01 -1.5703e-01 -7.0158e-02  2.5166e-01  8.7332e-02  1.4821e-01 -5.2215e-01 -2.0571e-01 -8.4349e-02 -1.7722e-01  3.3720e-01 -6.6461e-01 -2.0273e-01 -9.6817e-03 -3.7916e-01 -2.5793e-01 -9.8657e-02 -3.8041e-01 -8.2324e-02  7.2719e-01 -2.7505e-01 -4.5816e-01  1.2890e-03  1.0416e-01 -2.6181e-02  4.4631e-01  1.4598e-01  7.1116e-01  4.9364e-01
-4.7944e-01  1.3232e-01  2.6512e+01  9.4515e-02  2.3895e-01 -5.9920e-01  7.3265e-01 -2.2399e-01 -6.3712e-01 -5.8661e-01 -7.0575e-01  5.3737e-01  3.7306e-01 -3.1543e-02  1.0297e-01 -6.1951e-01  3.4959e-01 -9.2000e-01  1.2896e-01 -1.6609e-01  3.9622e-01  3.3047e-01 -6.3493e-01 -4.0743e-01 -6.3416e-02 -3.3809e-01  6.7424e-01  4.1358e-01  5.8325e-01 -2.0751e-01 -1.0343e-01 -1.0487e-01 -2.7846e-01 -1.6530e-01 -2.9905e-02  2.1608e-01  7.0704e-02 -1.0404e-02 -7.1233e-02  8.0111e-01 -1.6768e-01 -6.9460e-01  2.6508e-01 -2.5714e-01  3.7183e-01  4.2608e-01 -2.5624e-01  1.0123e-01 -4.4424e-01 -4.0283e-02
-3.6636e-01 -5.6083e-01  9.4515e-02  5.9515e+01 -2.8110e-01 -2.6980e-01  8.5265e-02 -6.2657e-01 -4.3779e-01 -4.1886e-01  2.5095e-01 -3.0873e-01 -2.5373e-01  7.1233e-01 -3.4680e-01  1.4592e-01  5.0803e-01  6.2163e-01 -1.7645e-01 -7.6816e-02 -7.4308e-01 -6.9005e-01  3.3963e-01 -8.8486e-02  4.9580e-01 -7.4694e-01 -3.2023e-01 -2.1248e-01  6.7019e-01  5.9612e-01  1.0046e-01 -4.0420e-01 -4.9412e-02  1.0096e-01  1.2226e-01 -1.7317e-01 -9.3316e-02  2.3680e-01  1.1633e-01  7.0563e-01 -6.6717e-01 -5.1499e-01  4.6455e-02 -1.4092e-01 -7.5532e-01  6.3661e-02  5.2657e-01 -1.1818e-01  4.3007e-03 -4.6050e-01
-7.8248e-01  6.9820e-01  2.3895e-01 -2.8110e-01  5.7251e+01 -1.7097e-01  4.8024e-01  2.2383e-02 -4.4173e-01  5.2934e-01  1.5061e-01  1.0557e-01 -2.2526e-01  3.1586e-03 -2.0279e-02  1.9708e-01  2.2826e-01 -2.9457e-01  1.3667e-01  1.2150e-01 -3.4381e-01  1.8353e-01  3.6822e-01  5.4321e-01  3.6234e-01  6.6003e-01 -5.8619e-01  1.6631e-01  3.9370e-01  7.0475e-01 -1.3644e-01 -2.7331e-02  4.3979e-01  4.8009e-01 -5.6740e-01 -6.6807e-02 -3.0065e-01  5.9489e-01  3.7476e-01  4.5148e-01 -7.6270e-02  4.3061e-01  3.3228e-01  1.0926e-01 -1.1996e-01  1.7253e-01 -6.9551e-01 -1.2181e-01 -5.2004e-01  4.2148e-01
 1.7252e-01 -1.2378e-01 -5.9920e-01 -2.6980e-01 -1.7097e-01  5.8511e+01 -4.0051e-01  4.7719e-01  4.4576e-01 -9.2153e-02 -5.5315e-01 -8.6517e-01  1.1046e-01 -3.3763e-01  5.2285e-01  2.5935e-02 -1.0167e-01 -3.4653e-01 -1.3872e-01  5.4953e-01 -9.6943e-02  2.1797e-01  6.7514e-01 -5.0111e-01 -2.2024e-01  9.5012e-02 -1.2947e-02  6.5598e-01  8.7380e-01 -4.0584e-01  6.5692e-01 -6.6423e-01 -3.6109e-01 -5.2597e-01 -8.7737e-01 -4.1333e-01 -6.9419e-01 -8.0411e-01  8.6680e-01  8.0623e-03 -6.0154e-02 -8.9465e-01  7.0305e-01  4.1062e-01  4.5840e-01 -1.4278e-01 -3.8317e-01  4.8847e-01  1.4883e-01  1.0691e-01
 1.0597e-01 -3.1560e-01  7.3265e-01  8.5265e-02  4.8024e-01 -4.0051e-01  1.6947e+01 -7.0068e-01  4.9989e-01 -2.6993e-02 -2.8888e-01 -6.6102e-01  1.7530e-01 -3.1686e-01 -6.7535e-01 -6.7219e-01  8.5429e-01  3.8812e-01 -6.2809e-01  1.5676e-01  8.1063e-01 -7.5865e-02 -8.4425e-01 -3.1865e-01 -1.7604e-01  1.0649e-02  5.8709e-01  5.1333e-01  3.3018e-03 -8.0397e-02 -4.2994e-01  4.7410e-01 -7.9368e-01 -2.1869e-02 -6.6165e-01  3.8165e-01 -6.0705e-01  4.5930e-01  8.6544e-01  7.3243e-01 -3.7210e-01 -1.5384e-01  6.8971e-01  6.2761e-01  4.0836e-01  4.7023e-01 -7.5165e-01 -1.4262e-01 -7.4893e-01  4.8558e-01
 1.7510e-01  2.2365e-01 -2.2399e-01 -6.2657e-01  2.2383e-02  4.7719e-01 -7.0068e-01  4.6007e+01  4.5555e-02 -3.6325e-01  1.1359e-01 -2.1989e-01 -4.8027e-01 -2.2126e-01 -6.7068e-02  2.0509e-01 -1.8738e-01 -6.9730e-02 -4.5874e-01  4.9302e-01 -2.9081e-02 -1.6541e-01 -3.2438e-01 -9.9701e-03  6.6061e-02 -1.1197e-01 -1.8134e-01 -4.6250e-01  8.4179e-01 -4.8925e-01 -3.2606e-01  5.4887e-01  2.3025e-01  6.9523e-01  2.5246e-01 -5.9075e-02 -2.0533e-01 -5.3823e-01  3.5236e-01 -5.8484e-02  4.0034e-01  2.3038e-01  2.3356e-02  5.4908e-01 -1.7586e-01 -3.0845e-01 -1.3664e-01 -5.6592e-01  1.8329e-01  5.1049e-01
-6.4614e-02 -2.3804e-01 -6.3712e-01 -4.3779e-01 -4.4173e-01  4.4576e-01  4.9989e-01  4.5555e-02  5.1098e+01  8.8647e-02 -2.7714e-01  1.1138e-01 -6.7650e-01  5.4354e-01  4.4108e-01 -9.3094e-01 -2.2628e-01  3.5361e-01  5.3407e-01  2.1868e-01 -3.3484e-01 -5.8749e-01  1.3181e-01 -1.4689e-01  3.5976e-01  3.5877e-01 -1.0369e-01 -3.0536e-01 -1.5143e-01 -4.9369e-02 -3.8585e-01 -2.7409e-02  3.2366e-01 -3.2304e-01  7.9803e-02  8.5953e-03  2.6165e-02  4.1801e-01  4.9948e-01  3.7662e-01 -7.4616e-01  6.2714e-01 -2.2146e-03 -3.0934e-01  1.7243e-01  6.6963e-01 -1.6899e-01  5.8097e-01  5.8658e-01 -3.5798e-01
-5.1433e-01 -8.4028e-01 -5.8661e-01 -4.1886e-01  5.2934e-01 -9.2153e-02 -2.6993e-02 -3.6325e-01  8.8647e-02  2.2720e+01  5.3284e-02 -4.3299e-01  2.5687e-01  1.2561e-02  6.0395e-01  4.7174e-02  7.3998e-02  4.6106e-01 -7.8450e-01  6.4943e-01 -3.5393e-01  4.0959e-01  3.6878e-01  2.8740e-01  4.8097e-01  2.4615e-01 -4.4923e-01  3.7828e-01  1.9025e-01 -6.4126e-01 -3.8880e-01  9.9155e-02  6.8390e-02  2.5163e-01 -5.0458e-01  1.0556e-01 -2.5733e-01  5.5528e-01 -5.2337e-02  4.1293e-01 -6.4380e-01 -7.4275e-01  5.4939e-01 -6.1223e-02  2.5326e-01  6.7983e-02 -2.7868e-01  4.1044e-01  3.6507e-01 -5.5688e-01
 2.9981e-01 -5.0796e-01 -7.0575e-01  2.5095e-01  1.5061e-01 -5.5315e-01 -2.8888e-01  1.1359e-01 -2.7714e-01  5.3284e-02  3.7736e+01  1.8642e-01  7.2466e-01 -2.7283e-01 -3.4836e-01 -5.5947e-03  3.7838e-01 -2.3344e-01 -2.6319e-01  4.7402e-01 -4.7891e-01 -3.6444e-01 -5.7400e-01 -4.0915e-02 -3.6998e-01  2.6046e-01  1.3307e-02  5.0768e-01 -7.0898e-02 -4.9182e-01 -9.1603e-01 -3.4212e-01 -4.9665e-01 -1.1063e-01 -1.9525e-01 -5.7514e-01  5.7886e-01 -5.3847e-01  2.0416e-01  5.1404e-01 -4.1649e-01 -5.6729e-01  7.1724e-01  4.3748e-01 -1.9397e-01  4.7980e-01  2.9735e-01  3.6101e-01 -1.6161e-01  2.3398e-01
-1.2923e-02 -4.3259e-01  5.3737e-01 -3.0873e-01  1.0557e-01 -8.6517e-01 -6.6102e-01 -2.1989e-01  1.1138e-01 -4.3299e-01  1.8642e-01  3.7872e+01  1.5534e-01  6.8140e-01 -1.3955e-02 -3.7734e-01  3.8971e-01  2.3691e-01 -1.8956e-01  7.3695e-03  2.2090e-01 -4.1560e-01  3.8720e-01  6.4799e-01 -3.3917e-02  9.2442e-01  6.9085e-01 -8.4244e-02 -2.2966e-01  5.7918e-01  2.9638e-01 -1.6303e-01  3.0421e-01  6.5370e-01 -1.6254e-01  5.0762e-01  2.2124e-01  5.6752e-01  2.7187e-01  7.2225e-01 -2.7404e-01 -5.9666e-01 -1.9609e-01  4.8368e-01 -2.9517e-01  8.0043e-01 -1.9334e-01 -2.3081e-01 -7.9792e-01  3.9578e-01
 3.9544e-01  1.7428e-01  3.7306e-01 -2.5373e-01 -2.2526e-01  1.1046e-01  1.7530e-01 -4.8027e-01 -6.7650e-01  2.5687e-01  7.2466e-01  1.5534e-01  5.2635e+01 -3.9152e-02 -2.6578e-01  5.9720e-01 -4.2436e-01 -1.0260e-01  3.7842e-03 -6.6924e-01  2.3027e-01 -1.2089e-01 -4.4327e-02  2.6959e-01 -3.9702e-01 -3.7438e-01  1.7262e-01  7.6377e-01 -1.2079e-01  6.2628e-01 -1.2856e-01  3.2055e-01 -6.6449e-01 -2.6074e-02 -5.2005e-01 -1.9973e-01 -3.1023e-01 -2.9900e-01  6.6278e-01  2.1928e-01  1.5644e-01 -2.1955e-01 -1.1201e-01  5.6713e-01 -2.8879e-01  8.9631e-02 -3.1928e-01  2.5821e-01 -1.3859e-01  2.7786e-02
-1.5960e-01 -7.1316e-01 -3.1543e-02  7.1233e-01  3.1586e-03 -3.3763e-01 -3.1686e-01 -2.2126e-01  5.4354e-01  1.2561e-02 -2.7283e-01  6.8140e-01 -3.9152e-02  1.4297e+01 -6.2667e-01  2.8605e-01  5.3349e-01 -9.1117e-03  6.0881e-01 -5.2304e-01 -5.0957e-01  7.1404e-02  6.8027e-01  1.7204e-01  7.1625e-01 -7.2353e-01 -2.6879e-01 -1.8210e-01  2.7970e-01 -1.0241e-02 -5.2131e-01 -8.7462e-01  7.5636e-01 -3.0880e-01  3.9473e-01  9.5639e-02  7.6323e-01 -1.4735e-01  7.6990e-01  8.5440e-01 -3.9011e-01 -8.8754e-01 -3.5283e-02 -7.1129e-01 -1.3816e-01 -5.2418e-01  5.3438e-01  6.8215e-01 -3.5958e-01  1.4453e-01
 9.4983e-02  3.8101e-01  1.0297e-01 -3.4680e-01 -2.0279e-02  5.2285e-01 -6.7535e-01 -6.7068e-02  4.4108e-01  6.0395e-01 -3.4836e-01 -1.3955e-02 -2.6578e-01 -6.2667e-01  2.9651e+01 -8.7233e-01 -2.9853e-01  5.5198e-02  2.2167e-01 -4.8539e-01  1.7578e-01 -3.1832e-01  2.5356e-01 -2.2135e-02  4.2742e-01  1.6486e-01  4.5461e-02 -3.6818e-01  7.2777e-01 -6.4258e-01  1.4028e-02 -4.8462e-01 -2.8479e-01  1.6243e-01  1.1448e-01  3.2744e-01 -7.0621e-01  5.5310e-01  7.4802e-01  2.6641e-01  2.1491e-01  2.8838e-01  7.8912e-01  7.7646e-01 -5.2103e-01 -8.1679e-01 -3.5918e-01  4.0091e-01 -2.5716e-01 -2.3927e-01
-2.6298e-01 -5.0893e-01 -6.1951e-01  1.4592e-01  1.9708e-01  2.5935e-02 -6.7219e-01  2.0509e-01 -9.3094e-01  4.7174e-02 -5.5947e-03 -3.7734e-01  5.9720e-01  2.8605e-01 -8.7233e-01  5.4677e+01  1.9032e-01 -4.8584e-01  3.8631e-01  4.3232e-01 -4.7996e-01  6.5667e-01 -2.3177e-01 -1.7059e-01 -2.1179e-01  4.4251e-01 -1.3661e-01  2.3871e-01  1.4154e-01 -3.7528e-01 -2.1499e-01 -3.6962e-01  1.1390e-01  5.6720e-01  9.8606e-02  6.0854e-01 -3.6868e-01  3.8605e-02  6.9467e-01 -3.9838e-02  2.0050e-01 -2.2495e-01 -8.0479e-01  2.4057e-01  8.3347e-01  6.4488e-01 -5.8444e-02 -1.9736e-01 -1.0355e-01 -6.3730e-01
 2.9787e-01  4.4920e-01  3.4959e-01  5.0803e-01  2.2826e-01 -1.0167e-01  8.5429e-01 -1.8738e-01 -2.2628e-01  7.3998e-02  3.7838e-01  3.8971e-01 -4.2436e-01  5.3349e-01 -2.9853e-01  1.9032e-01  2.3077e+01  1.9860e-01 -5.9273e-01  4.3720e-01  5.1461e-01 -1.0656e-04 -8.3135e-01 -2.2482e-01 -2.0024e-01 -3.3080e-01 -1.6985e-01 -9.0607e-02  3.1131e-01 -4.3731e-01  2.9745e-01  6.1761e-01  3.9018e-01  1.8090e-01  2.4907e-01 -8.4453e-01 -2.4788e-01 -8.5939e-02 -5.4998e-01  5.9620e-01  3.9350e-01 -1.7447e-01  3.5861e-01 -1.8763e-02  3.4224e-01 -1.0408e-01  1.2013e-01 -1.0884e-01  4.6602e-01 -2.1260e-01
-6.5325e-01  6.0111e-02 -9.2000e-01  6.2163e-01 -2.9457e-01 -3.4653e-01  3.8812e-01 -6.9730e-02  3.5361e-01  4.6106e-01 -2.3344e-01  2.3691e-01 -1.0260e-01 -9.1117e-03  5.5198e-02 -4.8584e-01  1.9860e-01  4.3734e+01  7.2608e-01  4.0015e-01 -9.0277e-01  4.4191e-03 -8.3993e-01 -2.8908e-01  1.2536e-01 -2.0258e-02 -2.0898e-01  8.0699e-01 -3.6529e-01 -1.1067e-01  9.3408e-02 -1.8040e-01  3.4805e-01 -6.8724e-03  2.0005e-01 -4.1949e-01 -5.3163e-01  5.3622e-01  1.6451e-01  4.5354e-01  5.5073e-01  2.4810e-02  7.4661e-01  3.5328e-01 -1.9757e-01 -1.6448e-02 -4.7522e-01 -3.0288e-01 -6.0385e-01  6.7819e-02
 6.0673e-01  6.1215e-01  1.2896e-01 -1.7645e-01  1.3667e-01 -1.3872e-01 -6.2809e-01 -4.5874e-01  5.3407e-01 -7.8450e-01 -2.6319e-01 -1.8956e-01  3.7842e-03  6.0881e-01  2.2167e-01  3.8631e-01 -5.9273e-01  7.2608e-01  3.1435e+01  2.0312e-02  6.2438e-01  2.5419e-01  3.1795e-01 -9.0686e-01 -1.4082e-01  4.2137e-01 -3.3347e-01  4.4687e-01 -3.8182e-01  1.9861e-01  2.2109e-02 -2.1327e-01 -7.9706e-01  2.3684e-01  3.6620e-01 -3.6438e-01  1.5726e-01 -5.5830e-01 -4.4711e-01  1.7788e-01  8.3284e-01 -7.2794e-02  5.9320e-01  2.3362e-01  3.0511e-01  5.6269e-01 -1.3612e-01  1.3449e-01 -6.0697e-01 -4.0462e-01
-9.6921e-02 -2.1508e-01 -1.6609e-01 -7.6816e-02  1.2150e-01  5.4953e-01  1.5676e-01  4.9302e-01  2.1868e-01  6.4943e-01  4.7402e-01  7.3695e-03 -6.6924e-01 -5.2304e-01 -4.8539e-01  4.3232e-01  4.3720e-01  4.0015e-01  2.0312e-02  9.2914e+00 -4.0225e-01 -3.7949e-01 -1.5546e-01  8.8838e-01 -1.9139e-01  4.5710e-01 -4.8253e-02  4.2303e-01  6.2386e-02 -1.7208e-01 -3.9128e-01 -4.0116e-01 -6.0355e-01  4.9085e-01  1.5392e-01 -8.9598e-02 -4.6086e-01 -3.4864e-01  5.2828e-01  1.7594e-01 -7.4088e-01 -6.5057e-01 -5.7617e-01 -9.6017e-01 -3.9543e-01  5.6216e-02  2.7599e-01 -4.8327e-01 -6.6859e-01  8.6744e-01
-4.7039e-01 -1.0659e-01  3.9622e-01 -7.4308e-01 -3.4381e-01 -9.6943e-02  8.1063e-01 -2.9081e-02 -3.3484e-01 -3.5393e-01 -4.7891e-01  2.2090e-01  2.3027e-01 -5.0957e-01  1.7578e-01 -4.7996e-01  5.1461e-01 -9.0277e-01  6.2438e-01 -4.0225e-01  5.7125e+01 -3.0274e-01  3.2407e-01  5.8672e-02  2.0841e-01  2.3558e-02  5.8114e-01  6.4931e-01  4.4977e-01 -2.0466e-01 -3.0476e-02 -7.7762e-01  9.0730e-01  2.5330e-01 -3.1645e-01 -2.5860e-04  1.6854e-01  7.4673e-02 -1.3544e-01  3.3921e-02  2.7708e-01 -2.6556e-01  3.6478e-01 -6.0945e-01  6.3591e-01  4.9491e-01 -2.5590e-01 -3.6338e-02  2.7328e-01  6.6976e-02
 6.4162e-01 -2.2321e-01  3.3047e-01 -6.9005e-01  1.8353e-01  2.1797e-01 -7.5865e-02 -1.6541e-01 -5.8749e-01  4.0959e-01 -3.6444e-01 -4.1560e-01 -1.2089e-01  7.1404e-02 -3.1832e-01  6.5667e-01 -1.0656e-04  4.4191e-03  2.5419e-01 -3.7949e-01 -3.0274e-01  5.4247e+01 -2.0388e-01  3.9924e-01 -1.2137e-01  1.3228e-01  3.2876e-01 -6.5515e-01 -7.1375e-01  8.0572e-02 -3.3123e-01 -1.2688e-01 -1.3344e-01  3.7631e-01 -5.5720e-01  4.7634e-01 -1.7836e-01 -6.2467e-02 -1.8358e-01 -3.8601e-01 -4.4335e-01 -2.0870e-01  8.2680e-01  4.4561e-01 -8.3260e-01 -2.5347e-02 -5.8035e-01 -2.0950e-01  2.4187e-01  4.7017e-01
 1.3375e-01 -1.5703e-01 -6.3493e-01  3.3963e-01  3.6822e-01  6.7514e-01 -8.4425e-01 -3.2438e-01  1.3181e-01  3.6878e-01 -5.7400e-01  3.8720e-01 -4.4327e-02  6.8027e-01  2.5356e-01 -2.3177e-01 -8.3135e-01 -8.3993e-01  3.1795e-01 -1.5546e-01  3.2407e-01 -2.0388e-01  3.5872e+01 -2.0054e-01 -7.8146e-02  8.1095e-01  9.1301e-02  1.2713e-01  9.0279e-03  1.3417e-01  1.9229e-01 -4.6717e-01 -2.2879e-01  2.8063e-01  1.5121e-03 -3.4150e-01 -6.9706e-01 -9.7277e-02 -3.1674e-01 -4.9642e-02 -3.3600e-01 -2.7546e-01  1.9906e-02 -8.1708e-02  1.1459e-01 -5.3965e-01  6.1128e-01 -1.4542e-01  8.5232e-02 -2.9043e-02
 3.9544e-01 -7.0158e-02 -4.0743e-01 -8.8486e-02  5.4321e-01 -5.0111e-01 -3.1865e-01 -9.9701e-03 -1.4689e-01  2.8740e-01 -4.0915e-02  6.4799e-01  2.6959e-01  1.7204e-01 -2.2135e-02 -1.7059e-01 -2.2482e-01 -2.8908e-01 -9.0686e-01  8.8838e-01  5.8672e-02  3.9924e-01 -2.0054e-01  2.6416e+01  1.1810e-01  6.6900e-01  4.0898e-01 -2.7735e-01 -2.2899e-02  5.5227e-01  3.8598e-01  2.5013e-01  2.2185e-01 -3.7402e-01  4.0258e-01  3.2389e-01 -9.3109e-01  2.0197e-01 -1.3664e-01 -3.1175e-01  3.7889e-01 -1.1811e-02 -5.7105e-01  1.1310e-01 -2.2726e-01  2.0433e-01 -3.1502e-01 -2.0093e-01  3.3269e-01  4.9806e-01
-2.5910e-01  2.5166e-01 -6.3416e-02  4.9580e-01  3.6234e-01 -2.2024e-01 -1.7604e-01  6.6061e-02  3.5976e-01  4.8097e-01 -3.6998e-01 -3.3917e-02 -3.9702e-01  7.1625e-01  4.2742e-01 -2.1179e-01 -2.0024e-01  1.2536e-01 -1.4082e-01 -1.9139e-01  2.0841e-01 -1.2137e-01 -7.8146e-02  1.1810e-01  4.7634e+01  8.1713e-01  7.4922e-01 -2.1282e-02 -4.7509e-03  1.7556e-01  6.4639e-02  4.4188e-01  3.2461e-01 -3.0359e-01 -3.1401e-01  7.3024e-03  1.0999e-01 -3.5768e-02  4.0748e-01 -1.8318e-01 -1.1205e-01 -1.4751e-01 -4.2310e-02  4.7731e-01 -1.8466e-01 -4.3067e-01 -2.0868e-02 -4.6142e-01 -5.7659e-01 -1.3926e-02
 1.5249e-01  8.7332e-02 -3.3809e-01 -7.4694e-01  6.6003e-01  9.5012e-02  1.0649e-02 -1.1197e-01  3.5877e-01  2.4615e-01  2.6046e-01  9.2442e-01 -3.7438e-01 -7.2353e-01  1.6486e-01  4.4251e-01 -3.3080e-01 -2.0258e-02  4.2137e-01  4.5710e-01  2.3558e-02  1.3228e-01  8.1095e-01  6.6900e-01  8.1713e-01  4.9698e+01  3.4737e-02 -6.2595e-01 -9.3068e-02  7.4869e-01  7.6928e-02  8.6507e-01  5.1594e-01 -5.3622e-01  6.4832e-01  3.2969e-01  1.6727e-01 -1.0742e-01 -4.3608e-01  1.3113e-01  1.5274e-01 -7.5344e-01 -1.0299e-02 -5.4935e-01  3.6677e-01 -4.8931e-01 -5.3006e-01  8.1779e-01 -1.1276e-01 -7.3284e-02
-2.8753e-01  1.4821e-01  6.7424e-01 -3.2023e-01 -5.8619e-01 -1.2947e-02  5.8709e-01 -1.8134e-01 -1.0369e-01 -4.4923e-01  1.3307e-02  6.9085e-01  1.7262e-01 -2.6879e-01  4.5461e-02 -1.3661e-01 -1.6985e-01 -2.0898e-01 -3.3347e-01 -4.8253e-02  5.8114e-01  3.2876e-01  9.1301e-02  4.0898e-01  7.4922e-01  3.4737e-02  4.1849e+01 -5.1992e-01  2.8259e-02 -1.2879e-02  4.7714e-02 -1.0375e-01 -1.1473e-01  1.7171e-01 -3.8931e-01  9.5704e-02  7.6808e-01  3.2795e-02 -2.9417e-01 -7.8592e-01 -2.1633e-01  1.9217e-01  2.0026e-01 -1.4999e-01  1.7895e-01  3.2020e-01  1.7566e-01 -2.9922e-01  6.3165e-01  4.6857e-01
-2.9529e-01 -5.2215e-01  4.1358e-01 -2.1248e-01  1.6631e-01  6.5598e-01  5.1333e-01 -4.6250e-01 -3.0536e-01  3.7828e-01  5.0768e-01 -8.4244e-02  7.6377e-01 -1.8210e-01 -3.6818e-01  2.3871e-01 -9.0607e-02  8.0699e-01  4.4687e-01  4.2303e-01  6.4931e-01 -6.5515e-01  1.2713e-01 -2.7735e-01 -2.1282e-02 -6.2595e-01 -5.1992e-01  2.7609e+01  8.7157e-01  9.2339e-02 -2.5201e-01  6.2047e-01 -7.1517e-01  7.8790e-01 -6.3659e-01 -2.5359e-01  8.3212e-01  8.2456e-01 -2.3919e-01 -3.1057e-02  3.4250e-01 -1.5592e-02 -4.9214e-03  3.0378e-01  1.5694e-02 -3.3524e-01 -1.5625e-01 -3.9939e-01 -3.3698e-01  3.1203e-02
-2.0483e-01 -2.0571e-01  5.8325e-01  6.7019e-01  3.9370e-01  8.7380e-01  3.3018e-03  8.4179e-01 -1.5143e-01  1.9025e-01 -7.0898e-02 -2.2966e-01 -1.2079e-01  2.7970e-01  7.2777e-01  1.4154e-01  3.1131e-01 -3.6529e-01 -3.8182e-01  6.2386e-02  4.4977e-01 -7.1375e-01  9.0279e-03 -2.2899e-02 -4.7509e-03 -9.3068e-02  2.8259e-02  8.7157e-01  4.2895e+01 -1.3252e-01  4.9403e-01  2.4529e-01  6.2152e-01  2.5949e-02  2.6678e-01 -5.3302e-01 -6.9820e-02  1.7967e-01 -4.6567e-01 -1.7529e-02 -5.4823e-01 -2.1925e-01  3.0953e-02  9.0138e-03  4.5103e-01  9.4899e-01 -3.6045e-01 -8.8078e-04  3.4822e-01  7.4564e-02
 1.9578e-01 -8.4349e-02 -2.0751e-01  5.9612e-01  7.0475e-01 -4.0584e-01 -8.0397e-02 -4.8925e-01 -4.9369e-02 -6.4126e-01 -4.9182e-01  5.7918e-01  6.2628e-01 -1.0241e-02 -6.4258e-01 -3.7528e-01 -4.3731e-01 -1.1067e-01  1.9861e-01 -1.7208e-01 -2.0466e-01  8.0572e-02  1.3417e-01  5.5227e-01  1.7556e-01  7.4869e-01 -1.2879e-02  9.2339e-02 -1.3252e-01  3.1236e+01 -4.6419e-01  4.0231e-01 -9.0245e-02  7.4429e-02 -2.4828e-01 -2.7110e-01  7.1925e-02 -7.0639e-01 -5.4234e-01 -1.5643e-01  5.8058e-01 -3.7382e-01 -4.1486e-01 -5.4605e-02 -8.2044e-04 -6.9302e-01  4.5690e-01 -1.5898e-01  4.2897e-02  4.0242e-01
 8.2835e-01 -1.7722e-01 -1.0343e-01  1.0046e-01 -1.3644e-01  6.5692e-01 -4.2994e-01 -3.2606e-01 -3.8585e-01 -3.8880e-01 -9.1603e-01  2.9638e-01 -1.2856e-01 -5.2131e-01  1.4028e-02 -2.1499e-01  2.9745e-01  9.3408e-02  2.2109e-02 -3.9128e-01 -3.0476e-02 -3.3123e-01  1.9229e-01  3.8598e-01  6.4639e-02  7.6928e-02  4.7714e-02 -2.5201e-01  4.9403e-01 -4.6419e-01  1.6259e+01 -2.7683e-01  3.8647e-02 -1.7543e-03 -1.0574e-01  4.6899e-02 -4.2241e-01  5.2143e-01 -4.2295e-01 -1.2068e-01  3.2710e-01  2.5693e-01  5.4127e-01 -6.0542e-01 -9.1879e-02  3.9878e-01  6.6145e-01 -1.8618e-01  8.8617e-01  2.3569e-02
-4.7362e-01  3.3720e-01 -1.0487e-01 -4.0420e-01 -2.7331e-02 -6.6423e-01  4.7410e-01  5.4887e-01 -2.7409e-02  9.9155e-02 -3.4212e-01 -1.6303e-01  3.2055e-01 -8.7462e-01 -4.8462e-01 -3.6962e-01  6.1761e-01 -1.8040e-01 -2.1327e-01 -4.0116e-01 -7.7762e-01 -1.2688e-01 -4.6717e-01  2.5013e-01  4.4188e-01  8.6507e-01 -1.0375e-01  6.2047e-01  2.4529e-01  4.0231e-01 -2.7683e-01  3.5468e+01  5.7645e-01  4.6472e-01  4.9847e-01  3.2910e-01 -8.1332e-01 -4.0847e-01 -7.8496e-02 -2.1007e-01  9.4729e-01 -4.2270e-04  4.6542e-01 -1.1266e-01 -5.9851e-02 -6.1447e-02 -8.1530e-01  6.6507e-01 -4.0804e-01  4.5106e-01
 7.3854e-01 -6.6461e-01 -2.7846e-01 -4.9412e-02  4.3979e-01 -3.6109e-01 -7.9368e-01  2.3025e-01  3.2366e-01  6.8390e-02 -4.9665e-01  3.0421e-01 -6.6449e-01  7.5636e-01 -2.8479e-01  1.1390e-01  3.9018e-01  3.4805e-01 -7.9706e-01 -6.0355e-01  9.0730e-01 -1.3344e-01 -2.2879e-01  2.2185e-01  3.2461e-01  5.1594e-01 -1.1473e-01 -7.1517e-01  6.2152e-01 -9.0245e-02  3.8647e-02  5.7645e-01  1.2475e+01  4.6107e-01 -1.1623e-01 -5.0108e-01 -3.7983e-01 -1.5919e-01 -2.8222e-02 -3.8893e-01 -6.1063e-01  5.4934e-01  3.7607e-02  2.1009e-01  7.7651e-01 -2.4587e-01 -2.4239e-01 -5.0773e-01 -1.2468e-01  8.0627e-01
-2.5070e-01 -2.0273e-01 -1.6530e-01  1.0096e-01  4.8009e-01 -5.2597e-01 -2.1869e-02  6.9523e-01 -3.2304e-01  2.5163e-01 -1.1063e-01  6.5370e-01 -2.6074e-02 -3.0880e-01  1.6243e-01  5.6720e-01  1.8090e-01 -6.8724e-03  2.3684e-01  4.9085e-01  2.5330e-01  3.7631e-01  2.8063e-01 -3.7402e-01 -3.0359e-01 -5.3622e-01  1.7171e-01  7.8790e-01  2.5949e-02  7.4429e-02 -1.7543e-03  4.6472e-01  4.6107e-01  3.3918e+01 -3.4575e-03 -6.9254e-01 -4.1168e-01 -7.8694e-02 -4.5975e-02  3.1241e-01 -5.3004e-01 -2.2887e-02  1.1370e-01  2.9965e-01  3.7785e-01  1.0512e-01 -8.9169e-02 -3.8734e-01 -6.8792e-01 -5.6600e-01
 3.1467e-01 -9.6817e-03 -2.9905e-02  1.2226e-01 -5.6740e-01 -8.7737e-01 -6.6165e-01  2.5246e-01  7.9803e-02 -5.0458e-01 -1.9525e-01 -1.6254e-01 -5.2005e-01  3.9473e-01  1.1448e-01  9.8606e-02  2.4907e-01  2.0005e-01  3.6620e-01  1.5392e-01 -3.1645e-01 -5.5720e-01  1.5121e-03  4.0258e-01 -3.1401e-01  6.4832e-01 -3.8931e-01 -6.3659e-01  2.6678e-01 -2.4828e-01 -1.0574e-01  4.9847e-01 -1.1623e-01 -3.4575e-03  3.5216e+01  5.3398e-01  7.3460e-01  4.0414e-01  5.3766e-01  6.2025e-01  3.9845e-01  1.5089e-02 -1.8267e-01 -1.4833e-01  5.7141e-01  7.1590e-01  2.8451e-02 -8.6703e-01 -8.6538e-01 -3.3207e-01
-6.6488e-01 -3.7916e-01  2.1608e-01 -1.7317e-01 -6.6807e-02 -4.1333e-01  3.8165e-01 -5.9075e-02  8.5953e-03  1.0556e-01 -5.7514e-01  5.0762e-01 -1.9973e-01  9.5639e-02  3.2744e-01  6.0854e-01 -8.4453e-01 -4.1949e-01 -3.6438e-01 -8.9598e-02 -2.5860e-04  4.7634e-01 -3.4150e-01  3.2389e-01  7.3024e-03  3.2969e-01  9.5704e-02 -2.5359e-01 -5.3302e-01 -2.7110e-01  4.6899e-02  3.2910e-01 -5.0108e-01 -6.9254e-01  5.3398e-01  4.5586e+01 -7.1912e-02 -5.8344e-01 -3.0832e-01  8.9411e-02  1.3592e-02  6.1093e-02  2.7462e-01 -1.9411e-01 -3.1609e-01  1.1475e-01 -1.0510e-01  5.3823e-01  5.9232e-01  4.7338e-01
 2.9464e-01 -2.5793e-01  7.0704e-02 -9.3316e-02 -3.0065e-01 -6.9419e-01 -6.0705e-01 -2.0533e-01  2.6165e-02 -2.5733e-01  5.7886e-01  2.2124e-01 -3.1023e-01  7.6323e-01 -7.0621e-01 -3.6868e-01 -2.4788e-01 -5.3163e-01  1.5726e-01 -4.6086e-01  1.6854e-01 -1.7836e-01 -6.9706e-01 -9.3109e-01  1.0999e-01  1.6727e-01  7.6808e-01  8.3212e-01 -6.9820e-02  7.1925e-02 -4.2241e-01 -8.1332e-01 -3.7983e-01 -4.1168e-01  7.3460e-01 -7.1912e-02  4.2659e+01  4.6907e-01 -4.4907e-01  5.0943e-01 -4.5326e-01 -3.7382e-01  1.2625e-01 -3.7800e-02 -2.4667e-01  2.5196e-01  7.5925e-01 -3.3384e-01  2.9692e-01  3.8652e-01
 2.8753e-01 -9.8657e-02 -1.0404e-02  2.3680e-01  5.9489e-01 -8.0411e-01  4.5930e-01 -5.3823e-01  4.1801e-01  5.5528e-01 -5.3847e-01  5.6752e-01 -2.9900e-01 -1.4735e-01  5.5310e-01  3.8605e-02 -8.5939e-02  5.3622e-01 -5.5830e-01 -3.4864e-01  7.4673e-02 -6.2467e-02 -9.7277e-02  2.0197e-01 -3.5768e-02 -1.0742e-01  3.2795e-02  8.2456e-01  1.7967e-01 -7.0639e-01  5.2143e-01 -4.0847e-01 -1.5919e-01 -7.8694e-02  4.0414e-01 -5.8344e-01  4.6907e-01  2.1290e+01  7.1734e-01 -6.4967e-01 -4.5709e-01 -5.4267e-02 -1.1821e-01  1.9893e-01 -3.6937e-02  2.3138e-02 -6.6775e-01 -3.9393e-01  6.1422e-01 -3.6941e-01
 6.8491e-01 -3.8041e-01 -7.1233e-02  1.1633e-01  3.7476e-01  8.6680e-01  8.6544e-01  3.5236e-01  4.9948e-01 -5.2337e-02  2.0416e-01  2.7187e-01  6.6278e-01  7.6990e-01  7.4802e-01  6.9467e-01 -5.4998e-01  1.6451e-01 -4.4711e-01  5.2828e-01 -1.3544e-01 -1.8358e-01 -3.1674e-01 -1.3664e-01  4.0748e-01 -4.3608e-01 -2.9417e-01 -2.3919e-01 -4.6567e-01 -5.4234e-01 -4.2295e-01 -7.8496e-02 -2.8222e-02 -4.5975e-02  5.3766e-01 -3.0832e-01 -4.4907e-01  7.1734e-01  5.9078e+01 -4.2030e-03  4.3485e-01  5.5602e-01 -1.0061e-01  3.0777e-02 -2.6747e-01 -5.0678e-01 -6.7829e-01 -8.4487e-01  5.5950e-02  4.2101e-01
 5.0722e-01 -8.2324e-02  8.0111e-01  7.0563e-01  4.5148e-01  8.0623e-03  7.3243e-01 -5.8484e-02  3.7662e-01  4.1293e-01  5.1404e-01  7.2225e-01  2.1928e-01  8.5440e-01  2.6641e-01 -3.9838e-02  5.9620e-01  4.5354e-01  1.7788e-01  1.7594e-01  3.3921e-02 -3.8601e-01 -4.9642e-02 -3.1175e-01 -1.8318e-01  1.3113e-01 -7.8592e-01 -3.1057e-02 -1.7529e-02 -1.5643e-01 -1.2068e-01 -2.1007e-01 -3.8893e-01  3.1241e-01  6.2025e-01  8.9411e-02  5.0943e-01 -6.4967e-01 -4.2030e-03  1.6532e+01  8.6558e-01 -4.0335e-01 -8.8890e-01 -1.0906e-01 -4.9273e-01  3.6979e-01  1.1859e-01 -7.3577e-01  5.1013e-01 -5.9482e-01
 7.9152e-01  7.2719e-01 -1.6768e-01 -6.6717e-01 -7.6270e-02 -6.0154e-02 -3.7210e-01  4.0034e-01 -7.4616e-01 -6.4380e-01 -4.1649e-01 -2.7404e-01  1.5644e-01 -3.9011e-01  2.1491e-01  2.0050e-01  3.9350e-01  5.5073e-01  8.3284e-01 -7.4088e-01  2.7708e-01 -4.4335e-01 -3.3600e-01  3.7889e-01 -1.1205e-01  1.5274e-01 -2.1633e-01  3.4250e-01 -5.4823e-01  5.8058e-01  3.2710e-01  9.4729e-01 -6.1063e-01 -5.3004e-01  3.9845e-01  1.3592e-02 -4.5326e-01 -4.5709e-01  4.3485e-01  8.6558e-01  3.9471e+01 -1.4043e-02  6.8686e-01  2.3644e-01 -6.7436e-02  4.4690e-01 -2.0437e-01 -2.3784e-01  5.8983e-01  6.2296e-02
-3.8768e-03 -2.7505e-01 -6.9460e-01 -5.1499e-01  4.3061e-01 -8.9465e-01 -1.5384e-01  2.3038e-01  6.2714e-01 -7.4275e-01 -5.6729e-01 -5.9666e-01 -2.1955e-01 -8.8754e-01  2.8838e-01 -2.2495e-01 -1.7447e-01  2.4810e-02 -7.2794e-02 -6.5057e-01 -2.6556e-01 -2.0870e-01 -2.7546e-01 -1.1811e-02 -1.4751e-01 -7.5344e-01  1.9217e-01 -1.5592e-02 -2.1925e-01 -3.7382e-01  2.5693e-01 -4.2270e-04  5.4934e-01 -2.2887e-02  1.5089e-02  6.1093e-02 -3.7382e-01 -5.4267e-02  5.5602e-01 -4.0335e-01 -1.4043e-02  2.8033e+01 -1.8287e-01  6.8814e-01 -3.6035e-01  5.5774e-01  1.3474e-01  6.0291e-01  4.9762e-01  2.7801e-02
 2.4166e-01 -4.5816e-01  2.6508e-01  4.6455e-02  3.3228e-01  7.0305e-01  6.8971e-01  2.3356e-02 -2.2146e-03  5.4939e-01  7.1724e-01 -1.9609e-01 -1.1201e-01 -3.5283e-02  7.8912e-01 -8.0479e-01  3.5861e-01  7.4661e-01  5.9320e-01 -5.7617e-01  3.6478e-01  8.2680e-01  1.9906e-02 -5.7105e-01 -4.2310e-02 -1.0299e-02  2.0026e-01 -4.9214e-03  3.0953e-02 -4.1486e-01  5.4127e-01  4.6542e-01  3.7607e-02  1.1370e-01 -1.8267e-01  2.7462e-01  1.2625e-01 -1.1821e-01 -1.0061e-01 -8.8890e-01  6.8686e-01 -1.8287e-01  2.8431e+01 -5.5546e-01 -1.8901e-01  5.2574e-01  2.4921e-01  7.9970e-02 -8.1261e-02 -6.0718e-01
-8.3223e-01  1.2890e-03 -2.5714e-01 -1.4092e-01  1.0926e-01  4.1062e-01  6.2761e-01  5.4908e-01 -3.0934e-01 -6.1223e-02  4.3748e-01  4.8368e-01  5.6713e-01 -7.1129e-01  7.7646e-01  2.4057e-01 -1.8763e-02  3.5328e-01  2.3362e-01 -9.6017e-01 -6.0945e-01  4.4561e-01 -8.1708e-02  1.1310e-01  4.7731e-01 -5.4935e-01 -1.4999e-01  3.0378e-01  9.0138e-03 -5.4605e-02 -6.0542e-01 -1.1266e-01  2.1009e-01  2.9965e-01 -1.4833e-01 -1.9411e-01 -3.7800e-02  1.9893e-01  3.0777e-02 -1.0906e-01  2.3644e-01  6.8814e-01 -5.5546e-01  5.4406e+01 -2.1882e-02 -1.1994e-01  2.8061e-01  3.5312e-01  2.3866e-01  4.0695e-01
 3.8704e-01  1.0416e-01  3.7183e-01 -7.5532e-01 -1.1996e-01  4.5840e-01  4.0836e-01 -1.7586e-01  1.7243e-01  2.5326e-01 -1.9397e-01 -2.9517e-01 -2.8879e-01 -1.3816e-01 -5.2103e-01  8.3347e-01  3.4224e-01 -1.9757e-01  3.0511e-01 -3.9543e-01  6.3591e-01 -8.3260e-01  1.1459e-01 -2.2726e-01 -1.8466e-01  3.6677e-01  1.7895e-01  1.5694e-02  4.5103e-01 -8.2044e-04 -9.1879e-02 -5.9851e-02  7.7651e-01  3.7785e-01  5.7141e-01 -3.1609e-01 -2.4667e-01 -3.6937e-02 -2.6747e-01 -4.9273e-01 -6.7436e-02 -3.6035e-01 -1.8901e-01 -2.1882e-02  4.3571e+01  2.5330e-01 -3.3672e-01 -5.7752e-02  5.0192e-01 -2.3955e-01
-2.6104e-01 -2.6181e-02  4.2608e-01  6.3661e-02  1.7253e-01 -1.4278e-01  4.7023e-01 -3.0845e-01  6.6963e-01  6.7983e-02  4.7980e-01  8.0043e-01  8.9631e-02 -5.2418e-01 -8.1679e-01  6.4488e-01 -1.0408e-01 -1.6448e-02  5.6269e-01  5.6216e-02  4.9491e-01 -2.5347e-02 -5.3965e-01  2.0433e-01 -4.3067e-01 -4.8931e-01  3.2020e-01 -3.3524e-01  9.4899e-01 -6.9302e-01  3.9878e-01 -6.1447e-02 -2.4587e-01  1.0512e-01  7.1590e-01  1.1475e-01  2.5196e-01  2.3138e-02 -5.0678e-01  3.6979e-01  4.4690e-01  5.5774e-01  5.2574e-01 -1.1994e-01  2.5330e-01  3.1638e+01 -3.9151e-01 -1.1967e-01 -4.5011e-01 -1.1169e-01
 6.0737e-02  4.4631e-01 -2.5624e-01  5.2657e-01 -6.9551e-01 -3.8317e-01 -7.5165e-01 -1.3664e-01 -1.6899e-01 -2.7868e-01  2.9735e-01 -1.9334e-01 -3.1928e-01  5.3438e-01 -3.5918e-01 -5.8444e-02  1.2013e-01 -4.7522e-01 -1.3612e-01  2.7599e-01 -2.5590e-01 -5.8035e-01  6.1128e-01 -3.1502e-01 -2.0868e-02 -5.3006e-01  1.7566e-01 -1.5625e-01 -3.6045e-01  4.5690e-01  6.6145e-01 -8.1530e-01 -2.4239e-01 -8.9169e-02  2.8451e-02 -1.0510e-01  7.5925e-01 -6.6775e-01 -6.7829e-01  1.1859e-01 -2.0437e-01  1.3474e-01  2.4921e-01  2.8061e-01 -3.3672e-01 -3.9151e-01  3.0366e+01  3.2520e-01 -1.2196e-01 -3.8569e-01
-1.5443e-01  1.4598e-01  1.0123e-01 -1.1818e-01 -1.2181e-01  4.8847e-01 -1.4262e-01 -5.6592e-01  5.8097e-01  4.1044e-01  3.6101e-01 -2.3081e-01  2.5821e-01  6.8215e-01  4.0091e-01 -1.9736e-01 -1.0884e-01 -3.0288e-01  1.3449e-01 -4.8327e-01 -3.6338e-02 -2.0950e-01 -1.4542e-01 -2.0093e-01 -4.6142e-01  8.1779e-01 -2.9922e-01 -3.9939e-01 -8.8078e-04 -1.5898e-01 -1.8618e-01  6.6507e-01 -5.0773e-01 -3.8734e-01 -8.6703e-01  5.3823e-01 -3.3384e-01 -3.9393e-01 -8.4487e-01 -7.3577e-01 -2.3784e-01  6.0291e-01  7.9970e-02  3.5312e-01 -5.7752e-02 -1.1967e-01  3.2520e-01  4.1153e+01  6.9777e-01 -1.4416e-01
-5.5374e-01  7.1116e-01 -4.4424e-01  4.3007e-03 -5.2004e-01  1.4883e-01 -7.4893e-01  1.8329e-01  5.8658e-01  3.6507e-01 -1.6161e-01 -7.9792e-01 -1.3859e-01 -3.5958e-01 -2.5716e-01 -1.0355e-01  4.6602e-01 -6.0385e-01 -6.0697e-01 -6.6859e-01  2.7328e-01  2.4187e-01  8.5232e-02  3.3269e-01 -5.7659e-01 -1.1276e-01  6.3165e-01 -3.3698e-01  3.4822e-01  4.2897e-02  8.8617e-01 -4.0804e-01 -1.2468e-01 -6.8792e-01 -8.6538e-01  5.9232e-01  2.9692e-01  6.1422e-01  5.5950e-02  5.1013e-01  5.8983e-01  4.9762e-01 -8.1261e-02  2.3866e-01  5.0192e-01 -4.5011e-01 -1.2196e-01  6.9777e-01  4.0809e-01 -9.7993e-02
 1.9190e-01  4.9364e-01 -4.0283e-02 -4.6050e-01  4.2148e-01  1.0691e-01  4.8558e-01  5.1049e-01 -3.5798e-01 -5.5688e-01  2.3398e-01  3.9578e-01  2.7786e-02  1.4453e-01 -2.3927e-01 -6.3730e-01 -2.1260e-01  6.7819e-02 -4.0462e-01  8.6744e-01  6.6976e-02  4.7017e-01 -2.9043e-02  4.9806e-01 -1.3926e-02 -7.3284e-02  4.6857e-01  3.1203e-02  7.4564e-02  4.0242e-01  2.3569e-02  4.5106e-01  8.0627e-01 -5.6600e-01 -3.3207e-01  4.7338e-01  3.8652e-01 -3.6941e-01  4.2101e-01 -5.9482e-01  6.2296e-02  2.7801e-02 -6.0718e-01  4.0695e-01 -2.3955e-01 -1.1169e-01 -3.8569e-01 -1.4416e-01 -9.7993e-02  3.3923e-01
